962 polygons
pixelization -1s
snapped
balkanized
polygon 0 ( 5 caps, 1 weight, 70009 pixel, 0.000001744654174 str):
 -0.7883464276266062  0.6152315905806268  0.0000000000000000 -1
  0.0000000000000000  0.0000000000000000  1.0000000000000000 1.4765625
 -0.4991742106557375  0.7200009402420631  0.4821034675946302 -1
  0.7878179948698459 -0.6159080503608939  0.0002836545401235 -1
 -0.2920761081560852 -0.3740057429916381 -0.8802336344707964 1
polygon 1 ( 3 caps, 1 weight, 70009 pixel, 0.000000075284739 str):
 -0.7883464276266062  0.6152315905806268  0.0000000000000000 -1
 -0.4991742106557375  0.7200009402420631  0.4821034675946302 1
 -0.3353785602008654  0.6963443484962940  0.6345279896701693 -1
polygon 2 ( 4 caps, 1 weight, 70009 pixel, 0.000000080592877 str):
 -0.4991742106557375  0.7200009402420631  0.4821034675946302 -1
 -0.2920761081560852 -0.3740057429916381 -0.8802336344707964 -1
  0.5401930355323057  0.6926606124155318 -0.4779254757496547 8.91979392902975e-06
  0.2939115434902855  0.3768670388528184  0.8784003868563961 -0.9960225793990904
polygon 3 ( 4 caps, 1 weight, 70009 pixel, 0.000000545815256 str):
  0.0000000000000000  0.0000000000000000  1.0000000000000000 1.4765625
  0.7878179948698459 -0.6159080503608939  0.0002836545401235 1
  0.2928778560944101  0.3750282386658014  0.8795319105142058 -1
  0.7872579965325834 -0.6166237482415861  0.0000000000000000 -1
polygon 4 ( 5 caps, 1 weight, 70265 pixel, 0.000000534117676 str):
 -0.7876580495109091  0.6161125243646985 -0.0003928888252762 1
 -0.2951965404814997 -0.3780198544801245 -0.8774736418301007 1
 -0.7878461510069558  0.6158720466261227 -0.0002540237705233 -1
  0.5423792539830714  0.6945162104743697 -0.4727282287288203 4.607303294823506e-05
  0.5403146140059895  0.6904368564291558 -0.4809959097287460 -1.52308759e-08
polygon 5 ( 4 caps, 1 weight, 70265 pixel, 0.000000977352363 str):
 -0.7883464276266062  0.6152315905806268  0.0000000000000000 -1
  0.5423792539830714  0.6945162104743697 -0.4727282287288203 4.607303294823506e-05
 -0.7878461510069558  0.6158720466261227 -0.0002540237705233 1
  0.2955108226270128  0.3784219875442467  0.8771944784672144 -1
polygon 6 ( 4 caps, 1 weight, 70265 pixel, 0.000000147262937 str):
 -0.7883464276266062  0.6152315905806268  0.0000000000000000 -1
  0.2955108226270128  0.3784219875442467  0.8771944784672144 1
  0.7881688772232969 -0.6154590327361910  0.0000000000001908 -1
 -0.2951965404814997 -0.3780198544801245 -0.8774736418301007 1
polygon 7 ( 7 caps, 1 weight, 70265 pixel, 0.000001667690878 str):
 -0.7883464276266062  0.6152315905806268  0.0000000000000000 -1
 -0.2947976704732498 -0.3775053909963700 -0.8778291480990040 -1
  0.7872579965325834 -0.6166237482415861  0.0000000000000000 -1
  0.2950519886464605  0.3760213990283927  0.8783804594072544 -1
  0.2950660102227705  0.3760104150697337  0.8783804513821459 -1
  0.5413400936528325  0.6918983992362741 -0.4777316277348866 -6.09234806e-08
  0.5400995092384684  0.6920478287026087 -0.4789178665578999 -4.4017212e-08
polygon 8 ( 5 caps, 1 weight, 70265 pixel, 0.000000879998826 str):
 -0.7876580495109091  0.6161125243646985 -0.0003928888252762 -1
  0.7872579965325834 -0.6166237482415861  0.0000000000000000 -1
 -0.2947976704732498 -0.3775053909963700 -0.8778291480990040 1
  0.5423792539830714  0.6945162104743697 -0.4727282287288203 4.607303294823506e-05
  0.5403146140059895  0.6904368564291558 -0.4809959097287460 -1.52308759e-08
polygon 9 ( 6 caps, 1 weight, 70265 pixel, 0.000000372522898 str):
 -0.7883464276266062  0.6152315905806268  0.0000000000000000 -1
 -0.2947976704732498 -0.3775053909963700 -0.8778291480990040 1
  0.7879808538031897 -0.6156997277975753  0.0001386707891018 -1
 -0.2951965404814997 -0.3780198544801245 -0.8774736418301007 -1
  0.5400995092384684  0.6920478287026087 -0.4789178665578999 -4.4017212e-08
  0.5404666851018775  0.6913927089696265 -0.4794495638527890 -1.52308759e-08
polygon 10 ( 5 caps, 1 weight, 70265 pixel, 0.000000061579457 str):
 -0.7876580495109091  0.6161125243646985 -0.0003928888252762 1
  0.7879808538031897 -0.6156997277975753  0.0001386707891018 1
  0.2951359092604148  0.3778890677356924  0.8775503675293387 -1
 -0.2951965404814997 -0.3780198544801245 -0.8774736418301007 -1
  0.5404666851018775  0.6913927089696265 -0.4794495638527890 -1.52308759e-08
polygon 11 ( 5 caps, 1 weight, 70265 pixel, 0.000000060686743 str):
 -0.4018744516664794 -0.2891575650091393 -0.8688410831076947 -1
  0.7881688772232969 -0.6154590327361910  0.0000000000001908 1
  0.5361707998454289  0.6887417193885970 -0.4880120053510489 4.607303294823506e-05
  0.5401887159015741  0.6913210415662598 -0.4798659903560057 -1.52308759e-08
 -0.7878461510069558  0.6158720466261227 -0.0002540237705233 1
polygon 12 ( 6 caps, 1 weight, 70265 pixel, 0.000000272359133 str):
 -0.7883464276266062  0.6152315905806268  0.0000000000000000 -1
  0.5423792539830714  0.6945162104743697 -0.4727282287288203 -4.607303294823506e-05
  0.2896236178295581  0.3844830993740082  0.8765220512292172 1
  0.5401930355323057  0.6926606124155318 -0.4779254757496547 8.91979392902975e-06
  0.7872579965325834 -0.6166237482415861  0.0000000000000000 -1
  0.5403146140059895  0.6904368564291558 -0.4809959097287460 -1.52308759e-08
polygon 13 ( 5 caps, 1 weight, 70265 pixel, 0.000002199745612 str):
  0.0000000000000000  0.0000000000000000  1.0000000000000000 1.484375
 -0.7883464276266062  0.6152315905806268  0.0000000000000000 -1
  0.5372596455934499  0.6888992835240935 -0.4865900228907202 8.91979392902975e-06
 -0.2992400111135702 -0.3836994476482108 -0.8736304422484421 1.00397742060091
  0.7872579965325834 -0.6166237482415861  0.0000000000000000 -1
polygon 14 ( 6 caps, 1 weight, 70265 pixel, 0.000000009817050 str):
 -0.7883464276266062  0.6152315905806268  0.0000000000000000 -1
  0.5413400936528325  0.6918983992362741 -0.4777316277348866 -6.09234806e-08
 -0.2921476063730282 -0.3781737313793709 -0.8784272337451257 1
 -0.2950791492110719 -0.3758995030400361 -0.8784235079476892 -1
  0.5416560864563582  0.6915490756881902 -0.4778792315215132 -1.0778071895776e-07
  0.5409017606298052  0.6921401915181712 -0.4778778511636276 9.443910128566361e-07
polygon 15 ( 8 caps, 1 weight, 70265 pixel, 0.000001664948865 str):
 -0.7883464276266062  0.6152315905806268  0.0000000000000000 -1
  0.0000000000000000  0.0000000000000000  1.0000000000000000 -1.4765625
  0.7872579965325834 -0.6166237482415861  0.0000000000000000 -1
  0.5413400936528325  0.6918983992362741 -0.4777316277348866 -6.09234806e-08
 -0.2921476063730282 -0.3781737313793709 -0.8784272337451257 -1
  0.5415566439814858  0.6917607999397268 -0.4776854582528755 -1.52308759e-08
  0.5418797222203132  0.6919943833886213 -0.4769802302035569 -1.52308759e-08
  0.5410196557921098  0.6927291249714236 -0.4768900203012356 -3.89910514e-08
polygon 16 ( 5 caps, 1 weight, 70265 pixel, 0.000000001271703 str):
  0.7872579965325834 -0.6166237482415861  0.0000000000000000 -1
 -0.2923530061123796 -0.3780230897054142 -0.8784237379913109 1
  0.5413400936528325  0.6918983992362741 -0.4777316277348866 -6.09234806e-08
 -0.2950791492110719 -0.3758995030400361 -0.8784235079476892 -1
  0.5416560864563582  0.6915490756881902 -0.4778792315215132 1.0778071895776e-07
polygon 17 ( 5 caps, 1 weight, 70521 pixel, 0.000000311353798 str):
 -0.7883464276266062  0.6152315905806268  0.0000000000000000 -1
  0.0000000000000000  0.0000000000000000  1.0000000000000000 1.48828125
  0.7689613046212819 -0.1633551525020650  0.6180724926302442 -1
  0.7884324355014223 -0.6151210632837634  0.0006100442182793 -1
 -0.7730104533627370  0.6343932841636455  0.0000000000000000 1
polygon 18 ( 5 caps, 1 weight, 70521 pixel, 0.000001919308922 str):
 -0.7883464276266062  0.6152315905806268  0.0000000000000000 -1
 -0.2976360297880428 -0.3823360651176974 -0.8747753580676169 1
  0.7880568448702187 -0.6156017654840793  0.0009357275676242 -1
 -0.2998796317716335 -0.3831670953432110 -0.8736447696259368 -1
  0.5379654579470035  0.6886548775386946 -0.4861559684895747 -1.52308759e-08
polygon 19 ( 4 caps, 1 weight, 70521 pixel, 0.000000540601913 str):
 -0.7878191872988897  0.6159055668517545 -0.0011228734283116 1
  0.7689613046212819 -0.1633551525020650  0.6180724926302442 1
 -0.2990684073499162 -0.3841062359403545 -0.8735104391115870 1
 -0.7882063317572486  0.6154105411938078 -0.0008027236926450 -1
polygon 20 ( 5 caps, 1 weight, 70521 pixel, 0.000001180598774 str):
 -0.7878191872988897  0.6159055668517545 -0.0011228734283116 1
  0.0000000000000000  0.0000000000000000  1.0000000000000000 1.48828125
  0.7689613046212819 -0.1633551525020650  0.6180724926302442 -1
  0.7884324355014223 -0.6151210632837634  0.0006100442182793 1
  0.2992583112619406  0.3844174433723113  0.8733084749226629 -1
polygon 21 ( 4 caps, 1 weight, 70521 pixel, 0.000000064849583 str):
 -0.7878191872988897  0.6159055668517545 -0.0011228734283116 -1
 -0.2990492022261477 -0.3841705225446492 -0.8734887430617957 1
  0.0000000000000000  0.0000000000000000  1.0000000000000000 1.48828125
  0.7878045990448496 -0.6159241553206063  0.0011612994366630 -1
polygon 22 ( 4 caps, 1 weight, 70521 pixel, 0.000001615085428 str):
 -0.7883464276266062  0.6152315905806268  0.0000000000000000 -1
  0.0000000000000000  0.0000000000000000  1.0000000000000000 -1.48828125
 -0.2919358185707843 -0.3926737431794088 -0.8721128420410273 -1
  0.7872579965325834 -0.6166237482415861  0.0000000000000000 -1
polygon 23 ( 4 caps, 1 weight, 70521 pixel, 0.000000270113686 str):
  0.0000000000000000  0.0000000000000000  1.0000000000000000 -1.484375
 -0.7883464276266062  0.6152315905806268  0.0000000000000000 -1
 -0.2976360297880428 -0.3823360651176974 -0.8747753580676169 -1
  0.7872579965325834 -0.6166237482415861  0.0000000000000000 -1
polygon 24 ( 4 caps, 1 weight, 70521 pixel, 0.000000586229277 str):
 -0.2976360297880428 -0.3823360651176974 -0.8747753580676169 1
 -0.7878191872988897  0.6159055668517545 -0.0011228734283116 -1
 -0.2998796317716335 -0.3831670953432110 -0.8736447696259368 -1
  0.7872579965325834 -0.6166237482415861  0.0000000000000000 -1
polygon 25 ( 4 caps, 1 weight, 70521 pixel, 0.000000814019189 str):
 -0.7878191872988897  0.6159055668517545 -0.0011228734283116 1
  0.7880568448702187 -0.6156017654840793  0.0009357275676242 1
  0.2978669608162157  0.3826308162514162  0.8745678544909400 -1
 -0.2998796317716335 -0.3831670953432110 -0.8736447696259368 -1
polygon 26 ( 4 caps, 1 weight, 70521 pixel, 0.000000058999215 str):
 -0.7878191872988897  0.6159055668517545 -0.0011228734283116 -1
 -0.2990492022261477 -0.3841705225446492 -0.8734887430617957 -1
  0.7872579965325834 -0.6166237482415861  0.0000000000000000 -1
  0.2985501358304997  0.3842986141040077  0.8736031087360719 -1
polygon 27 ( 5 caps, 1 weight, 70521 pixel, 0.000000232567531 str):
 -0.7878191872988897  0.6159055668517545 -0.0011228734283116 1
 -0.2990684073499162 -0.3841062359403545 -0.8735104391115870 -1
  0.2985501358304997  0.3842986141040077  0.8736031087360719 -1
 -0.7883464276266062  0.6152315905806268  0.0000000000000000 -1
  0.7689613046212819 -0.1633551525020650  0.6180724926302442 1
polygon 28 ( 4 caps, 1 weight, 70521 pixel, 0.000000176098295 str):
  0.0000000000000000  0.0000000000000000  1.0000000000000000 1.48828125
  0.7878045990448496 -0.6159241553206063  0.0011612994366630 1
  0.2994819320514834  0.3847215976017965  0.8730978551762868 -1
  0.7872579965325834 -0.6166237482415861  0.0000000000000000 -1
polygon 29 ( 4 caps, 1 weight, 279967 pixel, 0.000000055842028 str):
 -0.7921065773002124  0.6103828062763095  0.0000000000000000 -1
 -0.7910865057920077  0.6116988157063443  0.0025882846149067 1
  0.2906565974487442  0.3721683511023038  0.8814814012770270 -1
  0.0000000000000000  0.0000000000000000  1.0000000000000000 1.472412109375
polygon 30 ( 5 caps, 1 weight, 279967 pixel, 0.000000033732450 str):
  0.0000000000000000  0.0000000000000000  1.0000000000000000 1.47265625
  0.8416353325707375 -0.4276403284709298  0.3298086057607040 -1
 -0.2908228100556898 -0.3723638970724777 -0.8813439858014063 1
 -0.7903529231495682  0.6126487722763322  0.0019335711095348 -1
 -0.7883464276266062  0.6152315905806268  0.0000000000000000 1
polygon 31 ( 4 caps, 1 weight, 279967 pixel, 0.000000219142099 str):
  0.0000000000000000  0.0000000000000000  1.0000000000000000 1.47265625
 -0.7921065773002124  0.6103828062763095  0.0000000000000000 -1
 -0.2908228100556898 -0.3723638970724777 -0.8813439858014063 1
  0.7906649496772631 -0.6122450811797371 -0.0022131251812992 -1
polygon 32 ( 9 caps, 1 weight, 279967 pixel, 0.000000362793113 str):
  0.5254199647156855 -0.7157587760027189 -0.4600252550167844 -1
  0.2892864004946579  0.3760837707198147  0.8802694904914121 -0.9960225793990904
  0.5388166818631305  0.6980964540665551 -0.4715272252645740 -2.0851058e-07
  0.5380996953967291  0.6987238719370328 -0.4714166613509418 -3.89910514e-08
  0.5384612364067384  0.6987462065721670 -0.4709705252861723 -1.52308759e-08
 -0.7958369046088835  0.6055110414043255  0.0000000000000000 -1
  0.5381114636851533  0.6983655619487731 -0.4719338878853653 -4.4017212e-08
 -0.2903205256720700 -0.3717798631583445 -0.8817560466044199 -1
 -0.7930877900434634  0.6091051503994169 -0.0016349436928994 -1
polygon 33 ( 4 caps, 1 weight, 279967 pixel, 0.000000043873127 str):
  0.8416353325707375 -0.4276403284709298  0.3298086057607040 -1
  0.6366490698517795  0.0296621686830154  0.7705829725642038 -1
 -0.2908228100556898 -0.3723638970724777 -0.8813439858014063 -1
 -0.7913188410170708  0.6114034460271985 -0.0005639481061838 -1
polygon 34 ( 4 caps, 1 weight, 279967 pixel, 0.000000075327781 str):
 -0.7921065773002124  0.6103828062763095  0.0000000000000000 -1
  0.0000000000000000  0.0000000000000000  1.0000000000000000 -1.472412109375
 -0.2908228100556898 -0.3723638970724777 -0.8813439858014063 -1
  0.7915663913922901 -0.6110826159741547  0.0008273284545613 -1
polygon 35 ( 7 caps, 1 weight, 279967 pixel, 0.000000357610528 str):
  0.0000000000000000  0.0000000000000000  1.0000000000000000 1.472412109375
 -0.7910865057920077  0.6116988157063443  0.0025882846149067 -1
  0.7915663913922901 -0.6110826159741547  0.0008273284545613 -1
 -0.7958369046088835  0.6055110414043255  0.0000000000000000 -1
  0.6366490698517795  0.0296621686830154  0.7705829725642038 -1
  0.5388166818631305  0.6980964540665551 -0.4715272252645740 -2.0851058e-07
  0.5381114636851533  0.6983655619487731 -0.4719338878853653 -4.4017212e-08
polygon 36 ( 5 caps, 1 weight, 279967 pixel, 0.000000006565450 str):
 -0.7958369046088835  0.6055110414043255  0.0000000000000000 -1
  0.0000000000000000  0.0000000000000000  1.0000000000000000 1.47265625
 -0.7967483032281454  0.6043045662349985 -0.0028517592117277 1
  0.2833813916573585  0.3778036904233251  0.8814529813693156 -1
 -0.7883464276266062  0.6152315905806268  0.0000000000000000 1
polygon 37 ( 3 caps, 1 weight, 279967 pixel, 0.000000190499660 str):
  0.5304282203909224  0.7071780375865147 -0.4674881027023096 4.607303294823506e-05
 -0.7958866447306365  0.6054351121039588 -0.0035740412807638 -1
 -0.2831792779331976 -0.3775496839233192 -0.8816267536313963 1
polygon 38 ( 5 caps, 1 weight, 279967 pixel, 0.000000170428144 str):
 -0.7921065773002124  0.6103828062763095  0.0000000000000000 1
  0.7914054671652581 -0.6112849525861748 -0.0028448695326778 1
  0.2906565974487442  0.3721683511023038  0.8814814012770270 -1
  0.0000000000000000  0.0000000000000000  1.0000000000000000 1.47265625
 -0.7958369046088835  0.6055110414043255  0.0000000000000000 -1
polygon 39 ( 4 caps, 1 weight, 279967 pixel, 0.000000339563902 str):
  0.0000000000000000  0.0000000000000000  1.0000000000000000 1.47265625
  0.7914054671652581 -0.6112849525861748 -0.0028448695326778 -1
 -0.7930877900434634  0.6091051503994169 -0.0016349436928994 -1
 -0.2903205256720700 -0.3717798631583445 -0.8817560466044199 1
polygon 40 ( 4 caps, 1 weight, 279967 pixel, 0.000000137148324 str):
  0.5304282203909224  0.7071780375865147 -0.4674881027023096 4.607303294823506e-05
 -0.2831792779331976 -0.3775496839233192 -0.8816267536313963 -1
  0.5366995147092091  0.6977306119133012 -0.4744740499858657 8.91979392902975e-06
 -0.2903205256720700 -0.3717798631583445 -0.8817560466044199 1
polygon 41 ( 6 caps, 1 weight, 279967 pixel, 0.000000154805387 str):
  0.5366995147092091  0.6977306119133012 -0.4744740499858657 8.91979392902975e-06
  0.5344577315511053  0.7006201557988232 -0.4727434087046369 -4.4017212e-08
  0.0000000000000000  0.0000000000000000  1.0000000000000000 1.47265625
  0.2833971890394879  0.3778336670527090  0.8814350533567515 -1
  0.5304282203909224  0.7071780375865147 -0.4674881027023096 4.607303294823506e-05
 -0.7958866447306365  0.6054351121039588 -0.0035740412807638 1
polygon 42 ( 3 caps, 1 weight, 279967 pixel, 0.000000152465039 str):
 -0.2903205256720700 -0.3717798631583445 -0.8817560466044199 -1
  0.5366995147092091  0.6977306119133012 -0.4744740499858657 8.91979392902975e-06
  0.7955208426953092 -0.6059109989728311  0.0042953650707650 -1
polygon 43 ( 7 caps, 1 weight, 279967 pixel, 0.000000603479920 str):
  0.5304282203909224  0.7071780375865147 -0.4674881027023096 -4.607303294823506e-05
  0.7955208426953092 -0.6059109989728311  0.0042953650707650 -1
  0.7953776903105347 -0.6061018960882265  0.0038498460405586 -1
 -0.2903205256720700 -0.3717798631583445 -0.8817560466044199 1
  0.0000000000000000  0.0000000000000000  1.0000000000000000 1.47265625
  0.5355443103189778  0.6997637339831286 -0.4727821996299774 -1.52308759e-08
  0.5353503483264668  0.7000877824490284 -0.4725220644714200 1.305404538405476e-06
polygon 44 ( 6 caps, 1 weight, 279967 pixel, 0.000000024047616 str):
 -0.2831792779331976 -0.3775496839233192 -0.8816267536313963 1
  0.2833971890394879  0.3778336670527090  0.8814350533567515 1
  0.5423792539830714  0.6945162104743697 -0.4727282287288203 4.607303294823506e-05
 -0.7958866447306365  0.6054351121039588 -0.0035740412807638 1
  0.5366995147092091  0.6977306119133012 -0.4744740499858657 8.91979392902975e-06
  0.5348985224836775  0.7007242414806510 -0.4720901482197493 -1.52308759e-08
polygon 45 ( 7 caps, 1 weight, 279967 pixel, 0.000003319015738 str):
  0.5366995147092091  0.6977306119133012 -0.4744740499858657 8.91979392902975e-06
  0.2892864004946579  0.3760837707198147  0.8802694904914121 -0.9960225793990904
 -0.7952365152272067  0.6062867444116736 -0.0039074800041110 -1
  0.7936094807148071 -0.6084213247437742  0.0027356382446034 -1
 -0.7950979500586042  0.6064710751774788 -0.0034763178333484 -1
  0.5360996475933798  0.6998120152709932 -0.4720808311429360 -1.52308759e-08
  0.0000000000000000  0.0000000000000000  1.0000000000000000 1.47265625
polygon 46 ( 4 caps, 1 weight, 279967 pixel, 0.000000371816918 str):
 -0.7967483032281454  0.6043045662349985 -0.0028517592117277 -1
  0.5309318316706629  0.7017638699716949 -0.4750145902192741 8.91979392902975e-06
  0.0000000000000000  0.0000000000000000  1.0000000000000000 1.47265625
  0.5344577315511053  0.7006201557988232 -0.4727434087046369 -4.4017212e-08
polygon 47 ( 4 caps, 1 weight, 279968 pixel, 0.000000249106118 str):
  0.2834643494679384  0.3779184223282853  0.8813771205594222 -1
 -0.2835892877705006 -0.3781157295960162 -0.8812522969580804 -1
  0.7986017838591722 -0.6018585564733552  0.0012119475059005 1
  0.7984478351771892 -0.6020577671719208  0.0027385194579458 -1
polygon 48 ( 5 caps, 1 weight, 279968 pixel, 0.000000007534652 str):
  0.0000000000000000  0.0000000000000000  1.0000000000000000 1.47265625
 -0.2835892877705006 -0.3781157295960162 -0.8812522969580804 1
 -0.7983765014034491  0.6021569526923449 -0.0014022592690593 -1
  0.7984478351771892 -0.6020577671719208  0.0027385194579458 -1
 -0.8032075314806448  0.5956993044924335  0.0000000000000000 -1
polygon 49 ( 3 caps, 1 weight, 279968 pixel, 0.000000575650422 str):
  0.5309318316706629  0.7017638699716949 -0.4750145902192741 8.91979392902975e-06
  0.8003545224122069 -0.5995112955232569  0.0043410821639718 -1
  0.0000000000000000  0.0000000000000000  1.0000000000000000 1.47265625
polygon 50 ( 4 caps, 1 weight, 279968 pixel, 0.000000098141582 str):
 -0.7958369046088835  0.6055110414043255  0.0000000000000000 1
 -0.7959956536345277  0.6053023367406333 -0.0000230492974210 -1
  0.2833813916573585  0.3778036904233251  0.8814529813693156 -1
  0.0000000000000000  0.0000000000000000  1.0000000000000000 1.47265625
polygon 51 ( 3 caps, 1 weight, 279968 pixel, 0.000000000432164 str):
 -0.2831269398284300 -0.3774704095383722 -0.8816775067258562 -1
  0.5309318316706629  0.7017638699716949 -0.4750145902192741 8.91979392902975e-06
 -0.7959956536345277  0.6053023367406333 -0.0000230492974210 -1
polygon 52 ( 5 caps, 1 weight, 279968 pixel, 0.000000225325589 str):
 -0.7985420520734230  0.6019377162214963 -0.0012557310285975 -1
 -0.2830713959498076 -0.3773992047312101 -0.8817258219329166 -1
  0.2865985166474787  0.3788141380369135  0.8799779196541326 -0.9960225793990904
  0.7984478351771892 -0.6020577671719208  0.0027385194579458 -1
  0.5310162824210813  0.7040800435694486 -0.4714795860383967 -9.79542621e-08
polygon 53 ( 5 caps, 1 weight, 279968 pixel, 0.000000034347917 str):
  0.2830936584495296  0.3774054287689484  0.8817160103351800 1
  0.7989018454105224 -0.6014606680731849  0.0009519246922926 -1
  0.5309318316706629  0.7017638699716949 -0.4750145902192741 8.91979392902975e-06
 -0.7996502282027944  0.6004602191295136 -0.0026528811046593 -1
  0.5310162824210813  0.7040800435694486 -0.4714795860383967 -9.79542621e-08
polygon 54 ( 4 caps, 1 weight, 279968 pixel, 0.000000150652596 str):
  0.2834643494679384  0.3779184223282853  0.8813771205594222 1
 -0.7982093876188392  0.6023780683988654 -0.0015608424679351 -1
  0.7984478351771892 -0.6020577671719208  0.0027385194579458 -1
 -0.2830713959498076 -0.3773992047312101 -0.8817258219329166 1
polygon 55 ( 5 caps, 1 weight, 279968 pixel, 0.000000004368866 str):
  0.0000000000000000  0.0000000000000000  1.0000000000000000 1.47265625
 -0.2835892877705006 -0.3781157295960162 -0.8812522969580804 1
 -0.7996502282027944  0.6004602191295136 -0.0026528811046593 -1
  0.5305692636609889  0.7037087198733075 -0.4725360240579621 -1.52308759e-08
  0.5302995131495095  0.7038349530682395 -0.4726508068255278 4.24747468963e-08
polygon 56 ( 6 caps, 1 weight, 279968 pixel, 0.000000717996600 str):
  0.2830936584495296  0.3774054287689484  0.8817160103351800 -1
  0.7986017838591722 -0.6018585564733552  0.0012119475059005 -1
 -0.2835892877705006 -0.3781157295960162 -0.8812522969580804 -1
 -0.7996502282027944  0.6004602191295136 -0.0026528811046593 -1
  0.5310162824210813  0.7040800435694486 -0.4714795860383967 -9.79542621e-08
  0.5305692636609889  0.7037087198733075 -0.4725360240579621 -1.52308759e-08
polygon 57 ( 5 caps, 1 weight, 279968 pixel, 0.000002296940956 str):
  0.7965537212354087 -0.6045665023712103  0.0012302018794827 -1
 -0.7977134804436065  0.6030358441873928 -0.0009867845492412 -1
  0.0000000000000000  0.0000000000000000  1.0000000000000000 1.47265625
  0.2865985166474787  0.3788141380369135  0.8799779196541326 -0.9960225793990904
  0.5309318316706629  0.7017638699716949 -0.4750145902192741 8.91979392902975e-06
polygon 58 ( 5 caps, 1 weight, 279968 pixel, 0.000000152605219 str):
 -0.8032075314806448  0.5956993044924335  0.0000000000000000 -1
  0.0000000000000000  0.0000000000000000  1.0000000000000000 1.47265625
  0.8039007165715200 -0.5947588426107440  0.0023573358108661 -1
  0.2788519321507260  0.3796109155904672  0.8821208265880440 -1
 -0.7958369046088835  0.6055110414043255  0.0000000000000000 1
polygon 59 ( 5 caps, 1 weight, 279968 pixel, 0.000000575196692 str):
  0.0000000000000000  0.0000000000000000  1.0000000000000000 1.47265625
 -0.8010042939332044  0.5986578974676505  0.0009180959540418 1
  0.2829045992925000  0.3771682591153258  0.8818781616612720 -1
 -0.8015592913440680  0.5979152842960689  0.0001235522023696 -1
  0.5273828237352093  0.7062057585955315 -0.4723777976954327 -1.52308759e-08
polygon 60 ( 4 caps, 1 weight, 279968 pixel, 0.000000854290036 str):
  0.0000000000000000  0.0000000000000000  1.0000000000000000 1.47265625
 -0.8010042939332044  0.5986578974676505  0.0009180959540418 -1
  0.5245810276918681  0.7069799134323015 -0.4743354797914648 8.91979392902975e-06
  0.5273828237352093  0.7062057585955315 -0.4723777976954327 -1.52308759e-08
polygon 61 ( 6 caps, 1 weight, 279968 pixel, 0.000003247382465 str):
  0.0000000000000000  0.0000000000000000  1.0000000000000000 1.47265625
  0.8013757263822827 -0.5981600376912740 -0.0012306398508817 -1
  0.5245810276918681  0.7069799134323015 -0.4743354797914648 8.91979392902975e-06
 -0.8032428177681994  0.5956511819360780 -0.0008032197436023 -1
  0.2788519321507260  0.3796109155904672  0.8821208265880440 -1
  0.5264152141267352  0.7074166328130030 -0.4716447073331962 -1.52308759e-08
polygon 62 ( 5 caps, 1 weight, 279968 pixel, 0.000000019662743 str):
  0.0000000000000000  0.0000000000000000  1.0000000000000000 1.47265625
  0.8013757263822827 -0.5981600376912740 -0.0012306398508817 1
  0.2829045992925000  0.3771682591153258  0.8818781616612720 -1
  0.8019771073020787 -0.5973543837522672  0.0006779198620268 -1
 -0.8032075314806448  0.5956993044924335  0.0000000000000000 -1
polygon 63 ( 5 caps, 1 weight, 279968 pixel, 0.000000003029725 str):
  0.0000000000000000  0.0000000000000000  1.0000000000000000 1.47265625
 -0.2835892877705006 -0.3781157295960162 -0.8812522969580804 1
  0.7986275506717074 -0.6018243935507863  0.0011977626382709 -1
  0.5305692636609889  0.7037087198733075 -0.4725360240579621 -1.52308759e-08
  0.5307175912522348  0.7035199448148368 -0.4726505321938766 2.695821827977e-08
polygon 64 ( 4 caps, 1 weight, 279969 pixel, 0.000000527462374 str):
  0.0000000000000000  0.0000000000000000  1.0000000000000000 1.47265625
  0.8052772195635404 -0.5928902510935272  0.0031224686176282 1
  0.2773832675119088  0.3813542393127436  0.8818318814051892 -1
 -0.8031164108155082  0.5958156806466232  0.0027758556189466 1
polygon 65 ( 4 caps, 1 weight, 279969 pixel, 0.000001612740272 str):
  0.0000000000000000  0.0000000000000000  1.0000000000000000 1.47265625
  0.5245810276918681  0.7069799134323015 -0.4743354797914648 8.91979392902975e-06
  0.8057876039551816 -0.5921913062832108  0.0039741759840202 -1
  0.5233972715930522  0.7098210869381956 -0.4713908363840216 -1.52308759e-08
polygon 66 ( 5 caps, 1 weight, 279969 pixel, 0.000001097618704 str):
 -0.8032075314806448  0.5956993044924335  0.0000000000000000 1
  0.0000000000000000  0.0000000000000000  1.0000000000000000 1.47265625
 -0.8028037330912398  0.5962380886360108  0.0025115322904662 -1
  0.2788519321507260  0.3796109155904672  0.8821208265880440 -1
 -0.8104571982525948  0.5857978574564389  0.0000000000000000 -1
polygon 67 ( 5 caps, 1 weight, 279969 pixel, 0.000000794750934 str):
  0.0000000000000000  0.0000000000000000  1.0000000000000000 1.47265625
 -0.8028037330912398  0.5962380886360108  0.0025115322904662 1
  0.2828707409066354  0.3771294885184097  0.8819056031281204 -1
 -0.8031164108155082  0.5958156806466232  0.0027758556189466 -1
  0.5245748531427843  0.7091757313798165 -0.4710530813741999 -1.368951442e-07
polygon 68 ( 4 caps, 1 weight, 279969 pixel, 0.000000000006029 str):
 -0.8028037330912398  0.5962380886360108  0.0025115322904662 1
 -0.8047478854348402  0.5936057310956930 -0.0036161994553903 -1
 -0.3028308485773319 -0.3616388209361970 -0.8817657513998888 -1
  0.2788519321507260  0.3796109155904672  0.8821208265880440 -1
polygon 69 ( 6 caps, 1 weight, 279969 pixel, 0.000000225199221 str):
  0.0000000000000000  0.0000000000000000  1.0000000000000000 1.47265625
  0.8052772195635404 -0.5928902510935272  0.0031224686176282 -1
 -0.8051514845803305  0.5930641114983366 -0.0024589694545649 -1
  0.5245810276918681  0.7069799134323015 -0.4743354797914648 8.91979392902975e-06
  0.5245748531427843  0.7091757313798165 -0.4710530813741999 -1.368951442e-07
  0.2788519321507260  0.3796109155904672  0.8821208265880440 -1
polygon 70 ( 3 caps, 1 weight, 279969 pixel, 0.000000005010274 str):
  0.0000000000000000  0.0000000000000000  1.0000000000000000 1.47265625
 -0.8535886187888291  0.4363046542062395 -0.2846484122424592 -1
  0.5174159112890341  0.7121605987415746 -0.4744555367418328 8.91979392902975e-06
polygon 71 ( 4 caps, 1 weight, 279969 pixel, 0.000000203683832 str):
  0.2771167235261497  0.3809676176577230  0.8820827601978913 -1
  0.7685542859166914 -0.1454624881675185  0.6230288710286218 1
 -0.8095576424040513  0.5870403935209181  0.0000000000000000 1
 -0.2772435491366321 -0.3811974544677710 -0.8819436009005426 -1
polygon 72 ( 3 caps, 1 weight, 279969 pixel, 0.000000011375279 str):
  0.8087482573938282 -0.5881549571409902 -0.0000505264884520 1
 -0.1491721564329397 -0.4683079036024090 -0.8708819524876281 -1
  0.2777076906096447  0.3818076830357183  0.8815335114169820 -1
polygon 73 ( 4 caps, 1 weight, 279969 pixel, 0.000000141703714 str):
 -0.8075945404529501  0.5897372599263891 -0.0010111800546051 1
  0.2773912092123324  0.3813828882690212  0.8818169932516039 -1
 -0.1491721564329397 -0.4683079036024090 -0.8708819524876281 -1
 -0.8068825737654896  0.5907080902718304  0.0021128750522918 -1
polygon 74 ( 3 caps, 1 weight, 279969 pixel, 0.000000073871531 str):
 -0.8075945404529501  0.5897372599263891 -0.0010111800546051 -1
 -0.1491721564329397 -0.4683079036024090 -0.8708819524876281 -1
  0.5174159112890341  0.7121605987415746 -0.4744555367418328 8.91979392902975e-06
polygon 75 ( 5 caps, 1 weight, 279969 pixel, 0.000000526470506 str):
  0.8084881866517716 -0.5885123712261080  0.0002023817036056 -1
 -0.2774290910010958 -0.3814248571635644 -0.8817869231305601 -1
 -0.8082321828767726  0.5888598765252632  0.0021873227698147 -1
  0.2788519321507260  0.3796109155904672  0.8821208265880440 -1
  0.5187816246875622  0.7128861066771551 -0.4718675924379860 -3.89910514e-08
polygon 76 ( 6 caps, 1 weight, 279969 pixel, 0.000000788858192 str):
  0.2770893048040099  0.3809289323040747  0.8821080805076600 -1
 -0.1491721564329397 -0.4683079036024090 -0.8708819524876281 -1
 -0.8082047374801947  0.5889016066496758  0.0000000000000000 -1
  0.5195415449503129  0.7130643055830941 -0.4707609575718252 -6.09844567e-08
  0.5174159112890341  0.7121605987415746 -0.4744555367418328 8.91979392902975e-06
  0.8067558801986824 -0.5908772134164154 -0.0030113834198398 -1
polygon 77 ( 5 caps, 1 weight, 279969 pixel, 0.000000225276525 str):
  0.8084881866517716 -0.5885123712261080  0.0002023817036056 1
 -0.8082047374801947  0.5889016066496758  0.0000000000000000 1
  0.2770711061776368  0.3809128971181358  0.8821207212907819 -1
  0.5195415449503129  0.7130643055830941 -0.4707609575718252 -6.09844567e-08
 -0.2774290910010958 -0.3814248571635644 -0.8817869231305601 -1
polygon 78 ( 5 caps, 1 weight, 279969 pixel, 0.000000001007837 str):
  0.2770893048040099  0.3809289323040747  0.8821080805076600 1
 -0.8082047374801947  0.5889016066496758  0.0000000000000000 -1
  0.8082281926179183 -0.5888692585927446  0.0004300488396214 -1
  0.2770711061776368  0.3809128971181358  0.8821207212907819 -1
  0.5195415449503129  0.7130643055830941 -0.4707609575718252 -6.09844567e-08
polygon 79 ( 4 caps, 1 weight, 279969 pixel, 0.000000146578127 str):
 -0.2774290910010958 -0.3814248571635644 -0.8817869231305601 1
  0.8087482573938282 -0.5881549571409902 -0.0000505264884520 -1
 -0.1491721564329397 -0.4683079036024090 -0.8708819524876281 -1
 -0.8082321828767726  0.5888598765252632  0.0021873227698147 -1
polygon 80 ( 5 caps, 1 weight, 279969 pixel, 0.000000138745056 str):
 -0.1491721564329397 -0.4683079036024090 -0.8708819524876281 -1
 -0.8082047374801947  0.5889016066496758  0.0000000000000000 1
 -0.2774290910010958 -0.3814248571635644 -0.8817869231305601 1
 -0.8084694316624138  0.5885381357402720 -0.0002021059597870 -1
  0.5187816246875622  0.7128861066771551 -0.4718675924379860 -3.89910514e-08
polygon 81 ( 4 caps, 1 weight, 279969 pixel, 0.000000027767699 str):
 -0.8104571982525948  0.5857978574564389  0.0000000000000000 -1
  0.5174159112890341  0.7121605987415746 -0.4744555367418328 8.91979392902975e-06
  0.8109400512905970 -0.5851271093170660  0.0015808716135092 -1
  0.0000000000000000  0.0000000000000000  1.0000000000000000 1.47265625
polygon 82 ( 4 caps, 1 weight, 279969 pixel, 0.000000856181689 str):
 -0.8093057470964310  0.5873873492359414  0.0005564838381131 -1
  0.8089958700787138 -0.5878142613712800 -0.0002762682057292 -1
  0.2788519321507260  0.3796109155904672  0.8821208265880440 -1
 -0.1491721564329397 -0.4683079036024090 -0.8708819524876281 -1
polygon 83 ( 6 caps, 1 weight, 279969 pixel, 0.000000155775433 str):
 -0.8093057470964310  0.5873873492359414  0.0005564838381131 1
  0.2771167235261497  0.3809676176577230  0.8820827601978913 -1
 -0.8095576424040513  0.5870403935209181  0.0000000000000000 -1
  0.5174641587678127  0.7140169614720979 -0.4716043077844739 -3.89910514e-08
  0.5171877165811912  0.7134672568013704 -0.4727381297186224 -1.217240101e-07
  0.0000000000000000  0.0000000000000000  1.0000000000000000 1.47265625
polygon 84 ( 4 caps, 1 weight, 279969 pixel, 0.000000043068760 str):
  0.2771167235261497  0.3809676176577230  0.8820827601978913 1
  0.8095837620306210 -0.5870038134755776 -0.0008094575197075 -1
  0.5174159112890341  0.7121605987415746 -0.4744555367418328 8.91979392902975e-06
  0.2788519321507260  0.3796109155904672  0.8821208265880440 -1
polygon 85 ( 5 caps, 1 weight, 279969 pixel, 0.000000000683173 str):
 -0.8095576424040513  0.5870403935209181  0.0000000000000000 1
 -0.2772435491366321 -0.3811974544677710 -0.8819436009005426 1
 -0.8093704722132522  0.5872981106953064  0.0006065336104875 -1
  0.5174641587678127  0.7140169614720979 -0.4716043077844739 -3.89910514e-08
  0.5177158047768354  0.7139598833666722 -0.4714144995938517 2.317218943744e-08
polygon 86 ( 8 caps, 1 weight, 279969 pixel, 0.000000218564269 str):
  0.7685542859166914 -0.1454624881675185  0.6230288710286218 -1
  0.8096485186845537 -0.5869144212496284 -0.0008592561444207 1
 -0.8095576424040513  0.5870403935209181  0.0000000000000000 1
  0.2775212326519958  0.3815810498510205  0.8816903469029871 -1
 -0.2778931441980311 -0.3820951391063477 -0.8813505006971025 -1
  0.5171877165811912  0.7134672568013704 -0.4727381297186224 -1.217240101e-07
  0.5174641587678127  0.7140169614720979 -0.4716043077844739 -3.89910514e-08
  0.5171760822347823  0.7138442066712111 -0.4721814784235306 -1.52308759e-08
polygon 87 ( 5 caps, 1 weight, 279969 pixel, 0.000000009508087 str):
 -0.8093057470964310  0.5873873492359414  0.0005564838381131 -1
 -0.1491721564329397 -0.4683079036024090 -0.8708819524876281 1
  0.7822142577264944 -0.6182732264019781 -0.0766751101980157 -1
  0.5171877165811912  0.7134672568013704 -0.4727381297186224 -1.217240101e-07
  0.0000000000000000  0.0000000000000000  1.0000000000000000 1.47265625
polygon 88 ( 5 caps, 1 weight, 279969 pixel, 0.000000112711160 str):
  0.0000000000000000  0.0000000000000000  1.0000000000000000 1.47265625
 -0.2778931441980311 -0.3820951391063477 -0.8813505006971025 1
  0.7874180680825973 -0.6130183677693690 -0.0646627159532372 -1
 -0.8104227258362566  0.5858453970559512 -0.0004197576521117 -1
  0.5171877165811912  0.7134672568013704 -0.4727381297186224 -1.217240101e-07
polygon 89 ( 7 caps, 1 weight, 279969 pixel, 0.000000823468083 str):
  0.2771167235261497  0.3809676176577230  0.8820827601978913 -1
  0.7685542859166914 -0.1454624881675185  0.6230288710286218 -1
  0.8096485186845537 -0.5869144212496284 -0.0008592561444207 -1
 -0.2778931441980311 -0.3820951391063477 -0.8813505006971025 -1
  0.5174159112890341  0.7121605987415746 -0.4744555367418328 8.91979392902975e-06
 -0.8104227258362566  0.5858453970559512 -0.0004197576521117 -1
  0.5171760822347823  0.7138442066712111 -0.4721814784235306 -1.52308759e-08
polygon 90 ( 5 caps, 1 weight, 279969 pixel, 0.000000000579291 str):
  0.7685542859166914 -0.1454624881675185  0.6230288710286218 1
 -0.8095576424040513  0.5870403935209181  0.0000000000000000 1
 -0.8093704722132522  0.5872981106953064  0.0006065336104875 -1
  0.5174641587678127  0.7140169614720979 -0.4716043077844739 -3.89910514e-08
  0.5176001780257243  0.7138006722625212 -0.4717824244133215 2.040607378903e-08
polygon 91 ( 4 caps, 1 weight, 279970 pixel, 0.000000050935132 str):
  0.0000000000000000  0.0000000000000000  1.0000000000000000 1.47265625
 -0.8102854346892121  0.5860337489324531  0.0013998009463223 1
 -0.2777902347707927 -0.3819398119644438 -0.8814502626368396 1
 -0.8103330132175010  0.5859677182162406  0.0014969630249675 -1
polygon 92 ( 4 caps, 1 weight, 279970 pixel, 0.000000586736970 str):
 -0.8104571982525948  0.5857978574564389  0.0000000000000000 1
  0.5174159112890341  0.7121605987415746 -0.4744555367418328 8.91979392902975e-06
  0.0000000000000000  0.0000000000000000  1.0000000000000000 1.47265625
 -0.8102854346892121  0.5860337489324531  0.0013998009463223 -1
polygon 93 ( 4 caps, 1 weight, 279970 pixel, 0.000000398339494 str):
 -0.2777902347707927 -0.3819398119644438 -0.8814502626368396 -1
  0.5174159112890341  0.7121605987415746 -0.4744555367418328 8.91979392902975e-06
 -0.8102854346892121  0.5860337489324531  0.0013998009463223 1
  0.2774538445059934  0.3813905389475861  0.8817939787558735 -1
polygon 94 ( 4 caps, 1 weight, 280482 pixel, 0.000000085481917 str):
 -0.8104571982525948  0.5857978574564389  0.0000000000000000 1
  0.0000000000000000  0.0000000000000000  1.0000000000000000 -1.47265625
 -0.8103330132175010  0.5859677182162406  0.0014969630249675 -1
 -0.2937040312411421 -0.3709666046141524 -0.8809777070356261 -1
polygon 95 ( 4 caps, 1 weight, 280482 pixel, 0.000000003844940 str):
 -0.8109062611524597  0.5851760723267304  0.0000000000000000 -1
  0.2668376389828183  0.3910061115172088  0.8808586124789082 1
  0.2783352180219992  0.3826976196941337  0.8809495095004539 -1
  0.8103709433441589 -0.5859151536721802 -0.0015384670304036 -1
polygon 96 ( 4 caps, 1 weight, 280482 pixel, 0.000001186997242 str):
 -0.2794589840372467 -0.3842172492448492 -0.8799316914531443 -1
 -0.8104571982525948  0.5857978574564389  0.0000000000000000 1
 -0.8090164814352421  0.5877859582927621  0.0000000000000000 -0.9961777073527572
  0.2772600979928776  0.3850291116061406  0.8802723563061413 -1
polygon 97 ( 5 caps, 1 weight, 280482 pixel, 0.000001387152828 str):
  0.0000000000000000  0.0000000000000000  1.0000000000000000 1.4765625
 -0.8104571982525948  0.5857978574564389  0.0000000000000000 1
  0.2732791509319431  0.3895035737547719  0.8795484476128518 -1
  0.5174159112890341  0.7121605987415746 -0.4744555367418328 8.91979392902975e-06
 -0.8090164814352421  0.5877859582927621  0.0000000000000000 -0.9961777073527572
polygon 98 ( 4 caps, 1 weight, 280482 pixel, 0.000000416575487 str):
  0.2786708892627539  0.3831338447204573  0.8806537301954875 -1
 -0.8090164814352421  0.5877859582927621  0.0000000000000000 -0.9961777073527572
 -0.2769637589619042 -0.3851710502974899 -0.8803035489161797 -1
 -0.8106280841013410  0.5855586762525866  0.0017736773967459 1
polygon 99 ( 5 caps, 1 weight, 280482 pixel, 0.000000857276608 str):
 -0.8104571982525948  0.5857978574564389  0.0000000000000000 1
 -0.8109062611524597  0.5851760723267304  0.0000000000000000 -1
  0.2668376389828183  0.3910061115172088  0.8808586124789082 -1
 -0.2769637589619042 -0.3851710502974899 -0.8803035489161797 -1
  0.5153485527985076  0.7142156059271034 -0.4736158120023701 -1.52308759e-08
polygon 100 ( 4 caps, 1 weight, 280482 pixel, 0.000000007794712 str):
 -0.2781648278043947 -0.3824290314979272 -0.8811199489513950 -1
  0.8108794580337287 -0.5852098091376431 -0.0019959529076849 -1
  0.5174159112890341  0.7121605987415746 -0.4744555367418328 8.91979392902975e-06
 -0.8090164814352421  0.5877859582927621  0.0000000000000000 -0.9961777073527572
polygon 101 ( 5 caps, 1 weight, 280482 pixel, 0.000000516453656 str):
 -0.8109062611524597  0.5851760723267304  0.0000000000000000 1
 -0.8106280841013410  0.5855586762525866  0.0017736773967459 -1
  0.2783352180219992  0.3826976196941337  0.8809495095004539 -1
 -0.2769637589619042 -0.3851710502974899 -0.8803035489161797 -1
