728 polygons
pixelization -1s
snapped
balkanized
polygon 0 ( 5 caps, 1 weight, 887 pixel, 0.000003798081089 str):
 -0.5570814225864935  0.8304578788891154  0.0000000000000000 1.003822292647243
 -0.0603541007088853 -0.0387991488719775 -0.9974226830057716 -1
  0.8283152153071792  0.5556440973389494 -0.0717881688233200 8.91979392902975e-06
 -0.3922735163908719  0.6674511944194981  0.6329537039992149 -1
 -0.5551360146863082  0.8317581110822672  0.0015651987292997 -1
polygon 1 ( 3 caps, 1 weight, 887 pixel, 0.000000352620495 str):
  0.8283152153071792  0.5556440973389494 -0.0717881688233200 8.91979392902975e-06
  0.8251637252279497  0.5590594336926138 -0.0809776275722312 4.607303294823506e-05
 -0.5554584306529587  0.8315353920029553 -0.0038501510416618 -1
polygon 2 ( 6 caps, 1 weight, 887 pixel, 0.000003039147819 str):
  0.8283152153071792  0.5556440973389494 -0.0717881688233200 8.91979392902975e-06
 -0.5570814225864935  0.8304578788891154  0.0000000000000000 1.003822292647243
  0.0586233904361644  0.0415640615559924  0.9974145210897718 -1
  0.8306047197685119  0.5531415772231718 -0.0642665935407636 4.607303294823506e-05
 -0.5554584306529587  0.8315353920029553 -0.0038501510416618 -1
  0.8294673548863368  0.5536965125596151 -0.0735124421930319 -3.89910514e-08
polygon 3 ( 4 caps, 1 weight, 887 pixel, 0.000000261931685 str):
 -0.3922735163908719  0.6674511944194981  0.6329537039992149 -1
  0.5553631529070924 -0.8316073463181733 -0.0009949586620700 -1
 -0.5555702330196022  0.8314696123025452  0.0000000000000000 -1
 -0.0592883104907983 -0.0403894704664263 -0.9974234742147331 -1
polygon 4 ( 4 caps, 1 weight, 887 pixel, 0.000000208407245 str):
 -0.5555702330196022  0.8314696123025452  0.0000000000000000 -1
 -0.0621786587538963 -0.0421278589153448 -0.9971755401627014 -1
  0.5554936254934109 -0.8315200020359830  0.0011481508024558 -1
  0.8251637252279497  0.5590594336926138 -0.0809776275722312 4.607303294823506e-05
polygon 5 ( 4 caps, 1 weight, 887 pixel, 0.000000059233495 str):
 -0.0621786587538963 -0.0421278589153448 -0.9971755401627014 1
 -0.5555680208002517  0.8314709289074648 -0.0005183105717254 -1
  0.8283152153071792  0.5556440973389494 -0.0717881688233200 8.91979392902975e-06
  0.5554936254934109 -0.8315200020359830  0.0011481508024558 -1
polygon 6 ( 6 caps, 1 weight, 887 pixel, 0.000000332858270 str):
 -0.5555702330196022  0.8314696123025452  0.0000000000000000 -1
  0.8306047197685119  0.5531415772231718 -0.0642665935407636 4.607303294823506e-05
  0.5553631529070924 -0.8316073463181733 -0.0009949586620700 -1
  0.5554936254934109 -0.8315200020359830  0.0011481508024558 -1
  0.8294673548863368  0.5536965125596151 -0.0735124421930319 -3.89910514e-08
  0.0602446783874660  0.0391255365153648  0.9974165484482277 -1
polygon 7 ( 4 caps, 1 weight, 887 pixel, 0.000000000152137 str):
  0.5553631529070924 -0.8316073463181733 -0.0009949586620700 1
  0.5554936254934109 -0.8315200020359830  0.0011481508024558 -1
  0.8294673548863368  0.5536965125596151 -0.0735124421930319 -3.89910514e-08
  0.8293292757789068  0.5539292117482552 -0.0733169878540495 3.319310272995e-08
polygon 8 ( 5 caps, 1 weight, 887 pixel, 0.000000000210612 str):
  0.8306047197685119  0.5531415772231718 -0.0642665935407636 4.607303294823506e-05
  0.5553631529070924 -0.8316073463181733 -0.0009949586620700 1
  0.5554936254934109 -0.8315200020359830  0.0011481508024558 -1
  0.8294673548863368  0.5536965125596151 -0.0735124421930319 -3.89910514e-08
  0.8293080019789790  0.5539149682531362 -0.0736644133809596 1.16514397472e-08
polygon 9 ( 3 caps, 1 weight, 56685 pixel, 0.000002504940792 str):
  0.0000000000000000  0.0000000000000000  1.0000000000000000 1.0703125
  0.8283152153071792  0.5556440973389494 -0.0717881688233200 8.91979392902975e-06
  0.5590277828853430 -0.8291415945123113  0.0034862891273688 -1
polygon 10 ( 5 caps, 1 weight, 56685 pixel, 0.000000932905633 str):
  0.8306047197685119  0.5531415772231718 -0.0642665935407636 4.607303294823506e-05
  0.8241500995676956  0.5617756296995089 -0.0720052446581353 8.91979392902975e-06
 -0.5613085164771608  0.8276047810474618  0.0017537723888401 -1
  0.0000000000000000  0.0000000000000000  1.0000000000000000 1.0703125
  0.8283152153071792  0.5556440973389494 -0.0717881688233200 -8.91979392902975e-06
polygon 11 ( 4 caps, 1 weight, 56685 pixel, 0.000000069548332 str):
  0.8306047197685119  0.5531415772231718 -0.0642665935407636 -4.607303294823506e-05
  0.8214666803248664  0.5666919043104982 -0.0636614381316129 4.607303294823506e-05
 -0.5613085164771608  0.8276047810474618  0.0017537723888401 -1
  0.0000000000000000  0.0000000000000000  1.0000000000000000 -1.0625
polygon 12 ( 5 caps, 1 weight, 56685 pixel, 0.000002061535776 str):
  0.0000000000000000  0.0000000000000000  1.0000000000000000 1.0703125
  0.8241500995676956  0.5617756296995089 -0.0720052446581353 8.91979392902975e-06
  0.5652463978907867 -0.8249101831069597  0.0044384093922133 -1
  0.5651852806178408 -0.8249573022221750  0.0033238657078219 -1
 -0.5632376519077764  0.8262949518624779  0.0000000000000000 -0.9961777073527572
polygon 13 ( 7 caps, 1 weight, 56685 pixel, 0.000004095589506 str):
  0.0000000000000000  0.0000000000000000  1.0000000000000000 1.0703125
  0.8241500995676956  0.5617756296995089 -0.0720052446581353 8.91979392902975e-06
  0.0594975701686399  0.0405560649262931  0.9974042534207092 -0.9960225793990904
  0.5634656726293463 -0.8261344169845257  0.0028915120605220 -1
 -0.5650471296304985  0.8250474933222514 -0.0042866139322618 -1
  0.5634473635832979 -0.8261479840075971  0.0025645645271537 -1
  0.8231854608348869  0.5633848564929389 -0.0704499861212600 -1.52308759e-08
polygon 14 ( 7 caps, 1 weight, 56685 pixel, 0.000003852440831 str):
  0.8214666803248664  0.5666919043104982 -0.0636614381316129 4.607303294823506e-05
  0.8241500995676956  0.5617756296995089 -0.0720052446581353 8.91979392902975e-06
  0.5615843644133895 -0.8274194276944780 -0.0003038423142029 -1
  0.5615598724804156 -0.8274357850779339 -0.0007288293645038 -1
  0.0000000000000000  0.0000000000000000  1.0000000000000000 1.0703125
  0.0594975701686399  0.0405560649262931  0.9974042534207092 -0.9960225793990904
 -0.5631649651280101  0.8263438724294472 -0.0010131883698857 -1
polygon 15 ( 6 caps, 1 weight, 56685 pixel, 0.000004486548667 str):
  0.8283152153071792  0.5556440973389494 -0.0717881688233200 8.91979392902975e-06
  0.5572736151696506 -0.8303249501862739  0.0025680603400147 -1
  0.0596170504103480  0.0399918552129745  0.9974199009529510 -0.9960225793990904
 -0.5588758764322450  0.8292403115442666 -0.0042732250183731 -1
  0.0000000000000000  0.0000000000000000  1.0000000000000000 1.0703125
  0.5572564646790094 -0.8303373428881815  0.0022648573568057 -1
polygon 16 ( 5 caps, 1 weight, 56685 pixel, 0.000000050066912 str):
  0.0000000000000000  0.0000000000000000  1.0000000000000000 1.068115234375
  0.5306779605172109 -0.8190551756347240 -0.2180126635938038 -1
 -0.5565982469433993  0.8307817794070548  0.0001628028944169 -1
  0.0596170504103480  0.0399918552129745  0.9974199009529510 -0.9960225793990904
 -0.5758081914178453  0.8175848131515837  0.0000000000000000 -1
polygon 17 ( 4 caps, 1 weight, 56685 pixel, 0.000000046956990 str):
  0.0000000000000000  0.0000000000000000  1.0000000000000000 1.068115234375
 -0.5565982469433993  0.8307817794070548  0.0001628028944169 1
  0.0565935130512709  0.0376906552110550  0.9976856162089724 -1
 -0.5570023770927925  0.8305099817541391 -0.0012337421603391 -1
polygon 18 ( 4 caps, 1 weight, 56685 pixel, 0.000000614797378 str):
  0.0000000000000000  0.0000000000000000  1.0000000000000000 1.0703125
  0.0000000000000000  0.0000000000000000  1.0000000000000000 -1.068115234375
  0.5306779605172109 -0.8190551756347240 -0.2180126635938038 -1
 -0.5570023770927925  0.8305099817541391 -0.0012337421603391 -1
polygon 19 ( 4 caps, 1 weight, 56685 pixel, 0.000002045251420 str):
  0.0000000000000000  0.0000000000000000  1.0000000000000000 1.0703125
  0.8198170503469621  0.5680917192562150 -0.0719152450661498 8.91979392902975e-06
 -0.5695664711513574  0.8219452749059332  0.0000000000000000 1.003822292647243
 -0.5676561294039241  0.8232643618936594  0.0015196005992715 -1
polygon 20 ( 5 caps, 1 weight, 56685 pixel, 0.000002174077713 str):
  0.8198170503469621  0.5680917192562150 -0.0719152450661498 8.91979392902975e-06
  0.5715388443006555 -0.8205651104949063  0.0040309916836065 -1
  0.0000000000000000  0.0000000000000000  1.0000000000000000 1.0703125
 -0.5695664711513574  0.8219452749059332  0.0000000000000000 -0.9961777073527572
  0.8182765090098297  0.5705089207495248 -0.0703073690867358 -1.52308759e-08
polygon 21 ( 7 caps, 1 weight, 56685 pixel, 0.000004169874963 str):
  0.8198170503469621  0.5680917192562150 -0.0719152450661498 8.91979392902975e-06
  0.0591103958758240  0.0409605123543120  0.9974107466470751 -0.9960225793990904
 -0.5713852809711965  0.8206683975518755 -0.0047161370955384 -1
  0.5697938747263352 -0.8217821965397888  0.0029936223190785 -1
  0.5698203898222088 -0.8217619234523503  0.0034733998847688 -1
  0.8192743760523064  0.5692741089250746 -0.0686766747277902 -1.52308759e-08
  0.0000000000000000  0.0000000000000000  1.0000000000000000 1.0703125
polygon 22 ( 6 caps, 1 weight, 56685 pixel, 0.000000598340300 str):
  0.0000000000000000  0.0000000000000000  1.0000000000000000 1.0703125
 -0.0573438095278489 -0.0395607804211503 -0.9975703645163599 1
 -0.5687061412632787  0.8225407725290361  0.0000491606391271 -1
  0.5679182526459331 -0.8230849156084213 -0.0002828594494187 -1
  0.5679453259065247 -0.8230662621255599  0.0001868999481598 -1
  0.8202948117899298  0.5676378571535553 -0.0700263156009484 -9.48885973e-08
polygon 23 ( 6 caps, 1 weight, 56685 pixel, 0.000003041414836 str):
 -0.0573438095278489 -0.0395607804211503 -0.9975703645163599 -1
  0.8198170503469621  0.5680917192562150 -0.0719152450661498 8.91979392902975e-06
  0.0591103958758240  0.0409605123543120  0.9974107466470751 -0.9960225793990904
 -0.5695153966833336  0.8219793589277727 -0.0014650724600289 -1
  0.5679453259065247 -0.8230662621255599  0.0001868999481598 -1
  0.8202948117899298  0.5676378571535553 -0.0700263156009484 -9.48885973e-08
polygon 24 ( 5 caps, 1 weight, 56685 pixel, 0.000000058210155 str):
  0.0000000000000000  0.0000000000000000  1.0000000000000000 1.0703125
 -0.0573438095278489 -0.0395607804211503 -0.9975703645163599 1
  0.5692857853169665 -0.8221396991807238 -0.0000983212786032 -1
 -0.5695153966833336  0.8219793589277727 -0.0014650724600289 -1
  0.8202948117899298  0.5676378571535553 -0.0700263156009484 -9.48885973e-08
polygon 25 ( 5 caps, 1 weight, 56685 pixel, 0.000001876835958 str):
  0.8214666803248664  0.5666919043104982 -0.0636614381316129 4.607303294823506e-05
  0.8154321143629648  0.5743719354473451 -0.0718842586107379 8.91979392902975e-06
 -0.5739633034233733  0.8188795731038111  0.0015398300714422 -1
  0.0000000000000000  0.0000000000000000  1.0000000000000000 1.0703125
 -0.5758617009854066  0.8175471248424730  0.0000000000000000 1.003822292647243
polygon 26 ( 4 caps, 1 weight, 56685 pixel, 0.000000430870213 str):
  0.8214666803248664  0.5666919043104982 -0.0636614381316129 4.607303294823506e-05
  0.8154321143629648  0.5743719354473451 -0.0718842586107379 8.91979392902975e-06
 -0.5753423108601835  0.8178051401501898 -0.0132656729189505 -1
  0.5742402887933018 -0.8186868066205553 -0.0000582410765040 -1
polygon 27 ( 3 caps, 1 weight, 56685 pixel, 0.000000001390996 str):
  0.8214666803248664  0.5666919043104982 -0.0636614381316129 4.607303294823506e-05
 -0.5753423108601835  0.8178051401501898 -0.0132656729189505 1
 -0.0109005669776798  0.1338403954187857  0.9909429480014015 -1
polygon 28 ( 4 caps, 1 weight, 57453 pixel, 0.000000069091106 str):
  0.0000000000000000  0.0000000000000000  1.0000000000000000 1.09375
 -0.5758081914178453  0.8175848131515837  0.0000000000000000 -1
 -0.0768423789953282 -0.0536343803269844 -0.9955996193436791 1
  0.5747226037624039 -0.8183400802772632  0.0036662973645492 -1
polygon 29 ( 4 caps, 1 weight, 57453 pixel, 0.000002601784513 str):
  0.0000000000000000  0.0000000000000000  1.0000000000000000 1.09375
 -0.5727183079945474  0.8197522428684553  0.0000000000000000 1.003822292647243
 -0.5707577422055886  0.8211169470591811  0.0015996764012493 -1
  0.8160465205035267  0.5701293122812657 -0.0949770690839540 8.91979392902975e-06
polygon 30 ( 6 caps, 1 weight, 57453 pixel, 0.000004917777008 str):
  0.5729389509054518 -0.8195947911518864  0.0023101627769567 -1
 -0.5745512446127428  0.8184587856479960 -0.0040104251091304 -1
  0.0000000000000000  0.0000000000000000  1.0000000000000000 1.09375
  0.8160465205035267  0.5701293122812657 -0.0949770690839540 8.91979392902975e-06
  0.0778576654026435  0.0543951063040434  0.9954794605355863 -0.9960225793990904
  0.8162258532139438  0.5705561430271725 -0.0907801971749681 -3.17144636e-08
polygon 31 ( 5 caps, 1 weight, 57453 pixel, 0.000004900134922 str):
  0.0000000000000000  0.0000000000000000  1.0000000000000000 1.09375
  0.5710284653694327 -0.8209300347715015 -0.0006080689862265 -1
 -0.5726479578822664  0.8198006779353850 -0.0010792543505557 -1
  0.8160465205035267  0.5701293122812657 -0.0949770690839540 8.91979392902975e-06
  0.0778576654026435  0.0543951063040434  0.9954794605355863 -0.9960225793990904
polygon 32 ( 6 caps, 1 weight, 57453 pixel, 0.000001808249992 str):
  0.8160465205035267  0.5701293122812657 -0.0949770690839540 8.91979392902975e-06
 -0.5747339906415048  0.8183402556690133  0.0002568128986340 1
  0.0753109098903414  0.0525694324586680  0.9957734288594281 -1
 -0.0768423789953282 -0.0536343803269844 -0.9955996193436791 -1
 -0.5758081914178453  0.8175848131515837  0.0000000000000000 -1
  0.8142989122155971  0.5729265008288040 -0.0931262917363175 -1.52308759e-08
polygon 33 ( 4 caps, 1 weight, 57453 pixel, 0.000000846322745 str):
 -0.0768423789953282 -0.0536343803269844 -0.9955996193436791 -1
 -0.5747339906415048  0.8183402556690133  0.0002568128986340 -1
  0.8160465205035267  0.5701293122812657 -0.0949770690839540 8.91979392902975e-06
  0.5747226037624039 -0.8183400802772632  0.0036662973645492 -1
polygon 34 ( 4 caps, 1 weight, 57453 pixel, 0.000000446792662 str):
 -0.5758081914178453  0.8175848131515837  0.0000000000000000 -1
  0.8160465205035267  0.5701293122812657 -0.0949770690839540 -8.91979392902975e-06
  0.8123384583139247  0.5754338013183234 -0.0947743079346951 8.91979392902975e-06
  0.0000000000000000  0.0000000000000000  1.0000000000000000 1.09375
polygon 35 ( 4 caps, 1 weight, 227719 pixel, 0.000000019182846 str):
  0.0000000000000000  0.0000000000000000  1.0000000000000000 1.07421875
 -0.5793645961525778  0.8150684171669106 -0.0003742485639486 1
  0.5797413575527433 -0.8148004939202567  0.0003368237048430 1
  0.0602764829956282  0.0432335296411278  0.9972450087678792 -1
polygon 36 ( 4 caps, 1 weight, 227719 pixel, 0.000000764013817 str):
  0.0000000000000000  0.0000000000000000  1.0000000000000000 1.07421875
 -0.5808139580957645  0.8140363297059484  0.0000000000000000 1
 -0.0593702208816182 -0.0425904229867933 -0.9973270440243130 1
 -0.5813602881472083  0.8136462396130876 -0.0001101311814382 -1
polygon 37 ( 3 caps, 1 weight, 227719 pixel, 0.000000275509535 str):
  0.8099178151989004  0.5809139272102568 -0.0810687473481388 4.607303294823506e-05
 -0.0581961190448906 -0.0421617169591741 -0.9974144581622865 -1
 -0.5820437518613484  0.8131564324532290 -0.0012989530794556 -1
polygon 38 ( 4 caps, 1 weight, 227719 pixel, 0.000000562898208 str):
  0.0000000000000000  0.0000000000000000  1.0000000000000000 1.072265625
  0.5805804940811399 -0.8142016666204119  0.0013913896086944 -1
  0.0581317557277873  0.0424098830833751  0.9974076903617995 -1
 -0.5819573619756454  0.8132192751064733  0.0001985891488133 -1
polygon 39 ( 5 caps, 1 weight, 227719 pixel, 0.000002202038940 str):
  0.8099178151989004  0.5809139272102568 -0.0810687473481388 4.607303294823506e-05
 -0.5805275501082316  0.8142315443684295 -0.0038413175782470 -1
 -0.0598995318943521 -0.0429654863244318 -0.9972793054424336 -1
 -0.5821229701572894  0.8131007610470277  0.0000000000000000 1.003822292647243
  0.8109954371752208  0.5806157063049950 -0.0719152450661498 8.91979392902975e-06
polygon 40 ( 4 caps, 1 weight, 227719 pixel, 0.000000092074689 str):
  0.8099178151989004  0.5809139272102568 -0.0810687473481388 4.607303294823506e-05
 -0.5823855540538425  0.8129127052436380 -0.0000091032475621 -1
  0.5823002444075029 -0.8129703919914211  0.0023594720336642 -1
 -0.0575271286831707 -0.0430923384842461 -0.9974134949104254 -1
polygon 41 ( 4 caps, 1 weight, 227719 pixel, 0.000000615569489 str):
 -0.5823855540538425  0.8129127052436380 -0.0000091032475621 -1
  0.5821672349074584 -0.8130690677287640  0.0000412660008209 -1
  0.0584031437516356  0.0420164150213375  0.9974084888693702 -1
  0.0000000000000000  0.0000000000000000  1.0000000000000000 1.07421875
polygon 42 ( 3 caps, 1 weight, 227719 pixel, 0.000000183309218 str):
  0.8099178151989004  0.5809139272102568 -0.0810687473481388 4.607303294823506e-05
  0.5839320483999912 -0.8118025319732722 -0.0001092390708174 -1
 -0.0579189162466972 -0.0425361492275178 -0.9974146956756265 -1
polygon 43 ( 6 caps, 1 weight, 227719 pixel, 0.000003594232205 str):
  0.8099178151989004  0.5809139272102568 -0.0810687473481388 4.607303294823506e-05
  0.5839320483999912 -0.8118025319732722 -0.0001092390708174 -1
  0.0579197459237597  0.0426497487271922  0.9974097964054868 -1
 -0.5821229701572894  0.8131007610470277  0.0000000000000000 -0.9961777073527572
  0.0000000000000000  0.0000000000000000  1.0000000000000000 1.07421875
  0.8109954371752208  0.5806157063049950 -0.0719152450661498 8.91979392902975e-06
polygon 44 ( 5 caps, 1 weight, 227719 pixel, 0.000001510330341 str):
  0.8099178151989004  0.5809139272102568 -0.0810687473481388 4.607303294823506e-05
  0.8154321143629648  0.5743719354473451 -0.0718842586107379 8.91979392902975e-06
 -0.5758617009854066  0.8175471248424730  0.0000000000000000 -0.9961777073527572
  0.0000000000000000  0.0000000000000000  1.0000000000000000 1.07421875
  0.5775203507637620 -0.8163752527526764 -0.0013004409656720 -1
polygon 45 ( 3 caps, 1 weight, 227719 pixel, 0.000000001960996 str):
  0.0000000000000000  0.0000000000000000  1.0000000000000000 1.07421875
  0.8099178151989004  0.5809139272102568 -0.0810687473481388 4.607303294823506e-05
 -0.5773073568886224  0.8165252877770204  0.0016340449586060 -1
polygon 46 ( 4 caps, 1 weight, 227719 pixel, 0.000000758323182 str):
  0.0000000000000000  0.0000000000000000  1.0000000000000000 -1.072265625
 -0.5808139580957645  0.8140363297059484  0.0000000000000000 -1
  0.5805804940811399 -0.8142016666204119  0.0013913896086944 -1
  0.0000000000000000  0.0000000000000000  1.0000000000000000 1.07421875
polygon 47 ( 4 caps, 1 weight, 227719 pixel, 0.000000140580327 str):
  0.0000000000000000  0.0000000000000000  1.0000000000000000 1.07421875
 -0.0598995318943521 -0.0429654863244318 -0.9972793054424336 1
 -0.5793645961525778  0.8150684171669106 -0.0003742485639486 -1
  0.8109954371752208  0.5806157063049950 -0.0719152450661498 8.91979392902975e-06
polygon 48 ( 4 caps, 1 weight, 227719 pixel, 0.000000357825801 str):
  0.0000000000000000  0.0000000000000000  1.0000000000000000 1.07421875
 -0.0598995318943521 -0.0429654863244318 -0.9972793054424336 1
  0.5797413575527433 -0.8148004939202567  0.0003368237048430 -1
 -0.5805275501082316  0.8142315443684295 -0.0038413175782470 -1
polygon 49 ( 4 caps, 1 weight, 227719 pixel, 0.000001454968696 str):
  0.0000000000000000  0.0000000000000000  1.0000000000000000 1.07421875
 -0.5823855540538425  0.8129127052436380 -0.0000091032475621 1
  0.0595409648075919  0.0427063443761285  0.9973119079103632 -1
 -0.5835454046255485  0.8120791581549442  0.0014837893253760 -1
polygon 50 ( 4 caps, 1 weight, 227719 pixel, 0.000001137418773 str):
  0.0000000000000000  0.0000000000000000  1.0000000000000000 -1.072265625
 -0.5808139580957645  0.8140363297059484  0.0000000000000000 1
 -0.0593702208816182 -0.0425904229867933 -0.9973270440243130 -1
 -0.5819573619756454  0.8132192751064733  0.0001985891488133 -1
polygon 51 ( 4 caps, 1 weight, 227719 pixel, 0.000000752885846 str):
  0.0000000000000000  0.0000000000000000  1.0000000000000000 1.07421875
 -0.5813602881472083  0.8136462396130876 -0.0001101311814382 1
  0.0595045621779249  0.0426728174963069  0.9973155156353182 -1
 -0.5819573619756454  0.8132192751064733  0.0001985891488133 -1
polygon 52 ( 4 caps, 1 weight, 227719 pixel, 0.000000094103118 str):
 -0.0593702208816182 -0.0425904229867933 -0.9973270440243130 1
  0.0595045621779249  0.0426728174963069  0.9973155156353182 1
  0.5814888834567850 -0.8135543413239442  0.0001101323976941 -1
 -0.5819573619756454  0.8132192751064733  0.0001985891488133 -1
polygon 53 ( 4 caps, 1 weight, 227719 pixel, 0.000000123682957 str):
  0.0000000000000000  0.0000000000000000  1.0000000000000000 1.07421875
  0.5839320483999912 -0.8118025319732722 -0.0001092390708174 1
  0.0595409648075919  0.0427063443761285  0.9973119079103632 -1
  0.5837431477356612 -0.8119370404252222 -0.0014764339448348 -1
polygon 54 ( 4 caps, 1 weight, 228230 pixel, 0.000000136986974 str):
 -0.5657318107836131  0.8245893027850253  0.0000000000000000 1
  0.0000000000000000  0.0000000000000000  1.0000000000000000 -1.07421875
  0.5057987790396434 -0.6643148313124220  0.5503211789676593 -1
  0.8241500995676956  0.5617756296995089 -0.0720052446581353 8.91979392902975e-06
polygon 55 ( 4 caps, 1 weight, 228230 pixel, 0.000000338354508 str):
  0.0000000000000000  0.0000000000000000  1.0000000000000000 1.078125
 -0.5758081914178453  0.8175848131515837  0.0000000000000000 -1
  0.8099178151989004  0.5809139272102568 -0.0810687473481388 4.607303294823506e-05
  0.8171687819250796  0.5709133780378048 -0.0793290402346093 8.91979392902975e-06
polygon 56 ( 4 caps, 1 weight, 228232 pixel, 0.000002545095993 str):
  0.8082885274911091  0.5833850872347979 -0.0795707001244930 8.91979392902975e-06
  0.5871866491520675 -0.8094420018648083  0.0039350571353343 -1
  0.0000000000000000  0.0000000000000000  1.0000000000000000 1.078125
 -0.5852407540255100  0.8108595808323735  0.0000000000000000 -0.9961777073527572
polygon 57 ( 6 caps, 1 weight, 228232 pixel, 0.000001239109318 str):
 -0.5857978574564389  0.8104571982525948  0.0000000000000000 1
  0.8082885274911091  0.5833850872347979 -0.0795707001244930 8.91979392902975e-06
  0.0645206645494849  0.0465680165391960  0.9968292249335882 -0.9960225793990904
  0.8074205722534327  0.5850760359389425 -0.0758818270201279 -1.52308759e-08
 -0.5870245435845372  0.8095572205974021 -0.0043922440705484 -1
 -0.0623389773226051 -0.0447157685099969 -0.9970528330800391 -1
polygon 58 ( 4 caps, 1 weight, 228232 pixel, 0.000001549057561 str):
 -0.0623389773226051 -0.0447157685099969 -0.9970528330800391 1
  0.5858430267105880 -0.8104244883950824 -0.0003109085821041 -1
 -0.5870245435845372  0.8095572205974021 -0.0043922440705484 -1
  0.0000000000000000  0.0000000000000000  1.0000000000000000 1.078125
polygon 59 ( 4 caps, 1 weight, 228232 pixel, 0.000000085858087 str):
  0.0000000000000000  0.0000000000000000  1.0000000000000000 1.078125
 -0.5857978574564389  0.8104571982525948  0.0000000000000000 1
  0.5858430267105880 -0.8104244883950824 -0.0003109085821041 1
  0.0626095540504787  0.0449113061494977  0.9970270900640295 -1
polygon 60 ( 4 caps, 1 weight, 228742 pixel, 0.000000662093647 str):
  0.8167560243107804  0.5700942033880620 -0.0888942968664415 4.607303294823506e-05
 -0.5727183079945474  0.8197522428684553  0.0000000000000000 1.003822292647243
 -0.5711361650369329  0.8208476166131204 -0.0035596751909712 -1
 -0.0656812029786652 -0.0458480553683974 -0.9967868053872964 -1
polygon 61 ( 3 caps, 1 weight, 228742 pixel, 0.000000045129138 str):
  0.0000000000000000  0.0000000000000000  1.0000000000000000 1.080078125
  0.8167560243107804  0.5700942033880620 -0.0888942968664415 4.607303294823506e-05
  0.8099178151989004  0.5809139272102568 -0.0810687473481388 4.607303294823506e-05
polygon 62 ( 4 caps, 1 weight, 228742 pixel, 0.000000720919778 str):
  0.8167560243107804  0.5700942033880620 -0.0888942968664415 4.607303294823506e-05
  0.5747113971470643 -0.8183561196384308 -0.0002672818734963 -1
  0.8099178151989004  0.5809139272102568 -0.0810687473481388 -4.607303294823506e-05
  0.0000000000000000  0.0000000000000000  1.0000000000000000 1.08203125
polygon 63 ( 8 caps, 1 weight, 228742 pixel, 0.000003406740144 str):
  0.8167560243107804  0.5700942033880620 -0.0888942968664415 4.607303294823506e-05
 -0.5738653696829771  0.8189496379953498  0.0001670506078068 -1
  0.8171329714071581  0.5709294945123777 -0.0795815263434253 -3.25106385e-08
  0.5728233231636494 -0.8196785721386541  0.0006919656715594 -1
  0.0654036534160370  0.0450153657755158  0.9968430061769664 -1
  0.8169306640740414  0.5712977898717067 -0.0790134506476539 -9.5192945e-08
  0.0000000000000000  0.0000000000000000  1.0000000000000000 1.08203125
  0.5728015711122600 -0.8196939827916246  0.0003670238826370 -1
polygon 64 ( 5 caps, 1 weight, 228742 pixel, 0.000000264316868 str):
  0.8167560243107804  0.5700942033880620 -0.0888942968664415 -4.607303294823506e-05
  0.8099178151989004  0.5809139272102568 -0.0810687473481388 4.607303294823506e-05
 -0.5754674379709188  0.8178243587633697 -0.0007389509253681 -1
  0.0649419731965797  0.0456348443704741  0.9968450236102989 -1
  0.8151121383805139  0.5738414250766006 -0.0793613301980391 -4.63783785e-08
polygon 65 ( 6 caps, 1 weight, 228742 pixel, 0.000000203546172 str):
 -0.5758081914178453  0.8175848131515837  0.0000000000000000 -1
  0.0000000000000000  0.0000000000000000  1.0000000000000000 1.080078125
  0.8167560243107804  0.5700942033880620 -0.0888942968664415 -4.607303294823506e-05
 -0.5754674379709188  0.8178243587633697 -0.0007389509253681 1
  0.0647207691034702  0.0464197186604993  0.9968231697578741 -1
  0.8151121383805139  0.5738414250766006 -0.0793613301980391 -4.63783785e-08
polygon 66 ( 7 caps, 1 weight, 228742 pixel, 0.000004753120523 str):
  0.8167560243107804  0.5700942033880620 -0.0888942968664415 4.607303294823506e-05
  0.8171329714071581  0.5709294945123777 -0.0795815263434253 -3.25106385e-08
  0.5712077730509834 -0.8208037285283748  0.0017085783723630 -1
  0.0644682011618796  0.0463698794851452  0.9968418557200960 -1
 -0.5725526423458774  0.8198678092002402  0.0004971719547439 -1
  0.0000000000000000  0.0000000000000000  1.0000000000000000 1.08203125
 -0.5725721971578531  0.8198542773035623  0.0002074340432281 -1
polygon 67 ( 5 caps, 1 weight, 228742 pixel, 0.000000661651305 str):
  0.0000000000000000  0.0000000000000000  1.0000000000000000 -1.078125
 -0.5758081914178453  0.8175848131515837  0.0000000000000000 -1
  0.8099178151989004  0.5809139272102568 -0.0810687473481388 4.607303294823506e-05
 -0.0642825883003621 -0.0461073525598892 -0.9968660195238498 -1
  0.8151121383805139  0.5738414250766006 -0.0793613301980391 -4.63783785e-08
polygon 68 ( 5 caps, 1 weight, 228742 pixel, 0.000000070590237 str):
  0.8099178151989004  0.5809139272102568 -0.0810687473481388 4.607303294823506e-05
 -0.0642825883003621 -0.0461073525598892 -0.9968660195238498 1
 -0.5754674379709188  0.8178243587633697 -0.0007389509253681 -1
 -0.0640474001912997 -0.0467904153555173 -0.9968493304203969 -1
  0.8151121383805139  0.5738414250766006 -0.0793613301980391 -4.63783785e-08
polygon 69 ( 4 caps, 1 weight, 228742 pixel, 0.000000651397328 str):
  0.0000000000000000  0.0000000000000000  1.0000000000000000 1.08203125
 -0.5702331489812787  0.8214828633533461 -0.0002470216237836 1
  0.0666237114460408  0.0465049552242419  0.9966938196922593 -1
 -0.5711361650369329  0.8208476166131204 -0.0035596751909712 -1
polygon 70 ( 5 caps, 1 weight, 228742 pixel, 0.000000611358288 str):
 -0.0656812029786652 -0.0458480553683974 -0.9967868053872964 1
  0.5699219057293633 -0.8216988196902935  0.0002666259352656 -1
 -0.0661081320031200 -0.0461434946343163 -0.9967449487135568 -1
  0.8186295374823165  0.5685980637514702 -0.0808821504385722 -5.65572401e-08
 -0.5711361650369329  0.8208476166131204 -0.0035596751909712 -1
polygon 71 ( 4 caps, 1 weight, 228742 pixel, 0.000000325732095 str):
  0.5699219057293633 -0.8216988196902935  0.0002666259352656 1
  0.0661607267687026  0.0461804033900011  0.9967397496719863 -1
  0.8171687819250796  0.5709133780378048 -0.0793290402346093 8.91979392902975e-06
 -0.5727183079945474  0.8197522428684553  0.0000000000000000 1.003822292647243
polygon 72 ( 6 caps, 1 weight, 228742 pixel, 0.000000510786900 str):
  0.0000000000000000  0.0000000000000000  1.0000000000000000 1.08203125
  0.5699219057293633 -0.8216988196902935  0.0002666259352656 -1
 -0.0661081320031200 -0.0461434946343163 -0.9967449487135568 1
 -0.5702331489812787  0.8214828633533461 -0.0002470216237836 -1
  0.8171687819250796  0.5709133780378048 -0.0793290402346093 8.91979392902975e-06
  0.8186295374823165  0.5685980637514702 -0.0808821504385722 -5.65572401e-08
polygon 73 ( 5 caps, 1 weight, 228742 pixel, 0.000000125870772 str):
 -0.0661081320031200 -0.0461434946343163 -0.9967449487135568 1
  0.0666237114460408  0.0465049552242419  0.9966938196922593 1
  0.5707482303732766 -0.8211251003385929  0.0001646806274851 -1
  0.8186295374823165  0.5685980637514702 -0.0808821504385722 -5.65572401e-08
 -0.5711361650369329  0.8208476166131204 -0.0035596751909712 -1
polygon 74 ( 5 caps, 1 weight, 228742 pixel, 0.000000521424900 str):
  0.0000000000000000  0.0000000000000000  1.0000000000000000 1.08203125
  0.5747113971470643 -0.8183561196384308 -0.0002672818734963 1
  0.0659630074112059  0.0460409375647924  0.9967593058112997 -1
  0.5744062297023037 -0.8185699847285317 -0.0008144818695214 -1
  0.5743659635489319 -0.8185974292143973 -0.0014102482359668 -1
polygon 75 ( 5 caps, 1 weight, 228742 pixel, 0.000001756634319 str):
  0.0000000000000000  0.0000000000000000  1.0000000000000000 -1.080078125
  0.8099178151989004  0.5809139272102568 -0.0810687473481388 4.607303294823506e-05
 -0.5758081914178453  0.8175848131515837  0.0000000000000000 -1
  0.8171687819250796  0.5709133780378048 -0.0793290402346093 8.91979392902975e-06
  0.0000000000000000  0.0000000000000000  1.0000000000000000 1.08203125
polygon 76 ( 4 caps, 1 weight, 228742 pixel, 0.000000759743708 str):
  0.0000000000000000  0.0000000000000000  1.0000000000000000 1.08203125
 -0.5738653696829771  0.8189496379953498  0.0001670506078068 1
  0.0659630074112059  0.0460409375647924  0.9967593058112997 -1
 -0.5741668557889607  0.8187369293404069  0.0015040770128441 -1
polygon 77 ( 5 caps, 1 weight, 228744 pixel, 0.000002762364280 str):
 -0.5857978574564389  0.8104571982525948  0.0000000000000000 1
  0.0637273399289548  0.0477177404364583  0.9968258841910248 -1
 -0.5866559071788573  0.8098350300676839  0.0014389744353297 -1
  0.0000000000000000  0.0000000000000000  1.0000000000000000 1.08203125
  0.8075614303325961  0.5841331758359311 -0.0814430422258461 -1.52308759e-08
polygon 78 ( 4 caps, 1 weight, 228744 pixel, 0.000001634323320 str):
  0.0000000000000000  0.0000000000000000  1.0000000000000000 -1.078125
 -0.5857978574564389  0.8104571982525948  0.0000000000000000 1
 -0.0634507016737005 -0.0479547751484798 -0.9968321563821935 -1
 -0.5870245435845372  0.8095572205974021 -0.0043922440705484 -1
polygon 79 ( 6 caps, 1 weight, 228744 pixel, 0.000002315583730 str):
  0.0000000000000000  0.0000000000000000  1.0000000000000000 -1.078125
 -0.5852407540255100  0.8108595808323735  0.0000000000000000 -0.9961777073527572
  0.5871866491520675 -0.8094420018648083  0.0039350571353343 -1
 -0.0639645101353230 -0.0472342171092049 -0.9968337224317949 -1
  0.5871733147450692 -0.8094527041012473  0.0037172939709919 -1
  0.8063035722564976  0.5861550551619674 -0.0793523829162177 -1.52308759e-08
polygon 80 ( 5 caps, 1 weight, 228744 pixel, 0.000001318290639 str):
 -0.0644276913936918 -0.0474342948262821 -0.9967943921672175 1
  0.5876736534298020 -0.8090979071828148  0.0005036435825351 -1
 -0.5852407540255100  0.8108595808323735  0.0000000000000000 -0.9961777073527572
 -0.0656514255073000 -0.0483349856359475 -0.9966712695229216 -1
  0.8082885274911091  0.5833850872347979 -0.0795707001244930 8.91979392902975e-06
polygon 81 ( 4 caps, 1 weight, 228744 pixel, 0.000000735397781 str):
 -0.0644276913936918 -0.0474342948262821 -0.9967943921672175 -1
  0.5868299043226690 -0.8097084508554685 -0.0016994133942067 -1
 -0.5852407540255100  0.8108595808323735  0.0000000000000000 -0.9961777073527572
  0.0634119763619404  0.0481118734949657  0.9968270506375102 -1
polygon 82 ( 4 caps, 1 weight, 228744 pixel, 0.000000363034594 str):
  0.5876736534298020 -0.8090979071828148  0.0005036435825351 1
 -0.0656514255073000 -0.0483349856359475 -0.9966712695229216 -1
  0.5868299043226690 -0.8097084508554685 -0.0016994133942067 -1
  0.0653128950741936  0.0480842083334476  0.9967056409221196 -1
polygon 83 ( 4 caps, 1 weight, 228744 pixel, 0.000000399874083 str):
  0.0000000000000000  0.0000000000000000  1.0000000000000000 1.08203125
 -0.0656514255073000 -0.0483349856359475 -0.9966712695229216 1
 -0.5876144838308209  0.8091408788046202 -0.0005065960176552 -1
  0.5868299043226690 -0.8097084508554685 -0.0016994133942067 -1
polygon 84 ( 4 caps, 1 weight, 228744 pixel, 0.000000035043924 str):
  0.5880819513486694 -0.8088011819230749 -0.0005163504413526 -1
  0.8082885274911091  0.5833850872347979 -0.0795707001244930 8.91979392902975e-06
  0.8061902925138156  0.5859716290526230 -0.0818196932400981 -2.57401803e-08
 -0.0656514255073000 -0.0483349856359475 -0.9966712695229216 1
polygon 85 ( 4 caps, 1 weight, 229253 pixel, 0.000000154189449 str):
 -0.5589796683341094  0.8291752516351159  0.0031831532999939 1
  0.5596518478346536 -0.8287256506483450  0.0018987292420752 1
  0.0682328814172690  0.0462288253467341  0.9965977973087028 -1
 -0.0685618418563155 -0.0464529102482362 -0.9965648001864901 -1
polygon 86 ( 4 caps, 1 weight, 229253 pixel, 0.000001180895374 str):
  0.0000000000000000  0.0000000000000000  1.0000000000000000 -1.08203125
  0.5601628645174861 -0.8283822781222253  0.0006053995348651 -1
  0.0658932271860025  0.0445460109948271  0.9968318491678838 1.00397742060091
 -0.5607862843416451  0.8279605928389899  0.0000000000001658 -1
polygon 87 ( 5 caps, 1 weight, 229253 pixel, 0.000000126553044 str):
  0.0000000000000000  0.0000000000000000  1.0000000000000000 -1.08203125
 -0.0679768034417527 -0.0460552448944677 -0.9966233333670008 -1
  0.5585311560465885 -0.8294819386859761  0.0016312936633784 -1
 -0.5599050289534855  0.8285567399058341  0.0002954813234282 -1
  0.8263222101759153  0.5571653106381438 -0.0822096198232981 -1.52308759e-08
polygon 88 ( 6 caps, 1 weight, 229253 pixel, 0.000000584528911 str):
 -0.0679768034417527 -0.0460552448944677 -0.9966233333670008 1
 -0.5589796683341094  0.8291752516351159  0.0031831532999939 -1
 -0.0685618418563155 -0.0464529102482362 -0.9965648001864901 -1
  0.5585311560465885 -0.8294819386859761  0.0016312936633784 -1
  0.8263222101759153  0.5571653106381438 -0.0822096198232981 -1.52308759e-08
  0.8264850170270327  0.5568773739927366 -0.0825233722334429 1.8390977010134e-07
polygon 89 ( 4 caps, 1 weight, 229253 pixel, 0.000000343728118 str):
 -0.0679768034417527 -0.0460552448944677 -0.9966233333670008 1
  0.5596518478346536 -0.8287256506483450  0.0018987292420752 -1
 -0.0685618418563155 -0.0464529102482362 -0.9965648001864901 -1
 -0.5599050289534855  0.8285567399058341  0.0002954813234282 -1
polygon 90 ( 5 caps, 1 weight, 229253 pixel, 0.000000410352802 str):
 -0.0685618418563155 -0.0464529102482362 -0.9965648001864901 1
 -0.5590058437600848  0.8291636893692492 -0.0002070595347198 -1
  0.8258268732396945  0.5582864058443590 -0.0795378179518234 8.91979392902975e-06
  0.5585311560465885 -0.8294819386859761  0.0016312936633784 -1
  0.0658932271860025  0.0445460109948271  0.9968318491678838 1.00397742060091
polygon 91 ( 4 caps, 1 weight, 229253 pixel, 0.000000020406160 str):
 -0.5590058437600848  0.8291636893692492 -0.0002070595347198 1
  0.0691150710718016  0.0468261272790244  0.9965091172461938 -1
  0.0658932271860025  0.0445460109948271  0.9968318491678838 1.00397742060091
 -0.5599050289534855  0.8285567399058341  0.0002954813234282 -1
polygon 92 ( 4 caps, 1 weight, 229253 pixel, 0.000000303507528 str):
 -0.0685618418563155 -0.0464529102482362 -0.9965648001864901 1
  0.0691150710718016  0.0468261272790244  0.9965091172461938 1
  0.5595575494233527 -0.8287914889378466  0.0001294122083946 -1
 -0.5599050289534855  0.8285567399058341  0.0002954813234282 -1
polygon 93 ( 3 caps, 1 weight, 229253 pixel, 0.000000735662753 str):
  0.0000000000000000  0.0000000000000000  1.0000000000000000 -1.08203125
  0.8258268732396945  0.5582864058443590 -0.0795378179518234 8.91979392902975e-06
 -0.5584681909488644  0.8295177920197381 -0.0036759245097725 -1
polygon 94 ( 4 caps, 1 weight, 229253 pixel, 0.000000000768924 str):
 -0.0679768034417527 -0.0460552448944677 -0.9966233333670008 1
 -0.5589796683341094  0.8291752516351159  0.0031831532999939 -1
  0.8263222101759153  0.5571653106381438 -0.0822096198232981 -1.52308759e-08
  0.8262366141414808  0.5573038526266524 -0.0821308303836789 3.12642190775e-09
polygon 95 ( 4 caps, 1 weight, 229253 pixel, 0.000000835612919 str):
  0.8258268732396945  0.5582864058443590 -0.0795378179518234 8.91979392902975e-06
  0.5617443702291195 -0.8273100435416688 -0.0011637744507247 -1
  0.0000000000000000  0.0000000000000000  1.0000000000000000 -1.08203125
 -0.5628481839797065  0.8265602953147135  0.0000000000000106 -1
polygon 96 ( 5 caps, 1 weight, 229253 pixel, 0.000000977745454 str):
 -0.5607862843416451  0.8279605928389899  0.0000000000001658 1
 -0.0681574329820653 -0.0461792928113288 -0.9966052564805892 1
 -0.5614819427075491  0.8274889851989191  0.0000859524270680 -1
  0.0658932271860025  0.0445460109948271  0.9968318491678838 1.00397742060091
  0.8258268732396945  0.5582864058443590 -0.0795378179518234 8.91979392902975e-06
polygon 97 ( 5 caps, 1 weight, 229253 pixel, 0.000000223207713 str):
 -0.5607862843416451  0.8279605928389899  0.0000000000001658 1
  0.0679772687709166  0.0460520718381144  0.9966234482540854 -1
 -0.0681574329820653 -0.0461792928113288 -0.9966052564805892 -1
 -0.5615361735055442  0.8274511508586351  0.0013110253513624 -1
  0.8250811923339102  0.5590407502936946 -0.0819418425953201 -1.52308759e-08
polygon 98 ( 4 caps, 1 weight, 229253 pixel, 0.000000051980986 str):
  0.0000000000000000  0.0000000000000000  1.0000000000000000 -1.08203125
  0.0679772687709166  0.0460520718381144  0.9966234482540854 1
  0.5610608958143178 -0.8277745275782339 -0.0000517751561317 -1
 -0.5615361735055442  0.8274511508586351  0.0013110253513624 -1
polygon 99 ( 4 caps, 1 weight, 229253 pixel, 0.000000103350643 str):
 -0.5614819427075491  0.8274889851989191  0.0000859524270680 1
  0.0684924456351871  0.0464014795397152  0.9965719680923382 -1
  0.8258268732396945  0.5582864058443590 -0.0795378179518234 8.91979392902975e-06
 -0.5615361735055442  0.8274511508586351  0.0013110253513624 -1
polygon 100 ( 4 caps, 1 weight, 229254 pixel, 0.000000505298342 str):
  0.0000000000000000  0.0000000000000000  1.0000000000000000 -1.08203125
  0.8171687819250796  0.5709133780378048 -0.0793290402346093 8.91979392902975e-06
 -0.5711361650369329  0.8208476166131204 -0.0035596751909712 -1
 -0.5711546648872310  0.8208334714890082 -0.0038419865770988 -1
polygon 101 ( 5 caps, 1 weight, 229254 pixel, 0.000000940881829 str):
  0.0678581903130320  0.0473641084398462  0.9965700714145187 -1
  0.0650301586569229  0.0454331936979968  0.9968484856664306 1.00397742060091
  0.5728015711122600 -0.8196939827916246  0.0003670238826370 -1
  0.8171687819250796  0.5709133780378048 -0.0793290402346093 8.91979392902975e-06
 -0.5741668557889607  0.8187369293404069  0.0015040770128441 -1
polygon 102 ( 6 caps, 1 weight, 229254 pixel, 0.000002214558924 str):
  0.0000000000000000  0.0000000000000000  1.0000000000000000 -1.08203125
 -0.5725721971578531  0.8198542773035623  0.0002074340432281 -1
  0.5712077730509834 -0.8208037285283748  0.0017085783723630 -1
