131 polygons
pixelization -1s
snapped
balkanized
polygon 0 ( 5 caps, 1 weight, 19159 pixel, 0.000001171816314 str):
  0.7268600629535915  0.0982577807296820 -0.6797204259172875 4.607303294823506e-05
 -0.6779103873891251 -0.0989848449579839 -0.7284500718227506 1.00397742060091
  0.1480042278864157 -0.9889800928501447  0.0036227715723335 -1
  0.7226208927275294  0.1061387896521899 -0.6830472917191288 -3.807719e-09
  0.7226277398546851  0.1057871474035668 -0.6830945974290278 -5.483112e-09
polygon 1 ( 6 caps, 1 weight, 19159 pixel, 0.000004741356324 str):
  0.7208066975460033  0.1052483344827594 -0.6850988927603298 8.91979392902975e-06
 -0.1430801668866010  0.9897097417012163 -0.0016410440012919 -1
  0.7232228382606610  0.1025305110247322 -0.6829613609328137 -1.69362797e-08
  0.1444825644939586 -0.9895073463887214 -0.0000000000000001 -0.9961777073527572
 -0.6780943948431973 -0.0975916007976400 -0.7284667948067310 -1
  0.7217796233526276  0.1014445778747555 -0.6846482110783260 -3.807719e-09
polygon 2 ( 8 caps, 1 weight, 19159 pixel, 0.000006053876006 str):
  0.7268600629535915  0.0982577807296820 -0.6797204259172875 4.607303294823506e-05
 -0.6779103873891251 -0.0989848449579839 -0.7284500718227506 1.00397742060091
  0.7208066975460033  0.1052483344827594 -0.6850988927603298 8.91979392902975e-06
  0.1444594788692322 -0.9895067674083849  0.0027957499598967 -1
 -0.1471671363009459  0.9891069257121635 -0.0030534408806632 -1
 -0.6779383487009585 -0.0985884041409605 -0.7284778115560943 -1
  0.7223764713206481  0.1040887469174928 -0.6836210693413969 -3.807719e-09
  0.7225693481294236  0.1037435693211578 -0.6834696840155576 -3.807719e-09
polygon 3 ( 4 caps, 1 weight, 19159 pixel, 0.000001523620153 str):
  0.7268600629535915  0.0982577807296820 -0.6797204259172875 4.607303294823506e-05
  0.1444825644939586 -0.9895073463887214 -0.0000000000000001 -0.9961777073527572
 -0.1456490584838752  0.9893265133605014 -0.0044047388929005 -1
  0.6780320412235084  0.0983835208880220  0.7284183096902210 -1
polygon 4 ( 3 caps, 1 weight, 19159 pixel, 0.000000063974579 str):
  0.0000000000000000  0.0000000000000000  1.0000000000000000 1.6875
  0.7131963577458649  0.1108547796111283 -0.6921431738704070 4.607303294823506e-05
 -0.1466552639925471  0.9891844778311482 -0.0025104503968750 -1
polygon 5 ( 3 caps, 1 weight, 19159 pixel, 0.000000031322876 str):
  0.7268600629535915  0.0982577807296820 -0.6797204259172875 4.607303294823506e-05
  0.6776680874511487  0.1008872095796307  0.7284145345842146 -1
  0.1460047091966931 -0.9892738932639801  0.0044484827431953 -1
polygon 6 ( 5 caps, 1 weight, 19159 pixel, 0.000000000347388 str):
  0.0000000000000000  0.0000000000000000  1.0000000000000000 1.6875
  0.1460398071053367 -0.9892775701431618  0.0015046435716777 -1
  0.7186106274721190  0.1051508527458202 -0.6874169508027528 -1.00795183e-08
  0.7193761954583663  0.1059884479062694 -0.6864869542229237 -1.25187278335887e-06
  0.7185537210809034  0.1050383064696346 -0.6874936393122328 5.211166481746744e-07
polygon 7 ( 7 caps, 1 weight, 19159 pixel, 0.000001799731806 str):
  0.0000000000000000  0.0000000000000000  1.0000000000000000 1.6875
  0.7131963577458649  0.1108547796111283 -0.6921431738704070 4.607303294823506e-05
  0.1460398071053367 -0.9892775701431618  0.0015046435716777 -1
  0.7186106274721190  0.1051508527458202 -0.6874169508027528 -1.00795183e-08
  0.7193761954583663  0.1059884479062694 -0.6864869542229237 1.25187278335887e-06
 -0.1467304744553617  0.9891765099647810  0.0000000000000000 -1
  0.7187823698326237  0.1056687922142210 -0.6871579230204548 -3.807719e-09
polygon 8 ( 5 caps, 1 weight, 19287 pixel, 0.000003431900465 str):
  0.7131963577458649  0.1108547796111283 -0.6921431738704070 4.607303294823506e-05
  0.7152009956458132  0.1047743198418379 -0.6910208952911031 8.91979392902975e-06
 -0.1466247690589347  0.9891800672646390 -0.0048960825910481 -1
  0.6838640741371094  0.0994353747321425  0.7228018638302427 -1
  0.7139495570008773  0.1015121794360793 -0.6927996156785802 -3.807719e-09
polygon 9 ( 10 caps, 1 weight, 19287 pixel, 0.000006926082964 str):
  0.7152009956458132  0.1047743198418379 -0.6910208952911031 8.91979392902975e-06
 -0.6837230921030560 -0.1001629225509807 -0.7228347821397932 -0.9960225793990904
  0.1464939935878174 -0.9892016757585604  0.0044220492024054 -1
 -0.1471379805495126  0.9891128462425109 -0.0024883886051347 -1
  0.1457995458710540 -0.9893072779059321  0.0036881304409522 -1
  0.7141888290468275  0.1044487341064003 -0.6921161596208343 -3.807719e-09
  0.6835022164564292  0.1019204475946709  0.7227979956123638 -1
  0.7144281653493249  0.1043068178467452 -0.6918905146815382 -7.3780794e-09
  0.7131371165703595  0.1029793528261237 -0.6934195741837883 -3.807719e-09
  0.7130306722524818  0.1026435026699770 -0.6935788144016600 -3.807719e-09
polygon 10 ( 5 caps, 1 weight, 19287 pixel, 0.000004569241375 str):
 -0.6837230921030560 -0.1001629225509807 -0.7228347821397932 -0.9960225793990904
  0.1462301140723292 -0.9892498920743051  0.0011852296694332 -1
  0.6835600600529582  0.1015806539482851  0.7227911282271214 -1
 -0.1467304744553617  0.9891765099647810  0.0000000000000000 -1
  0.7137653727351353  0.1054284380860243 -0.6924043884371437 -1.13829498e-08
polygon 11 ( 4 caps, 1 weight, 19287 pixel, 0.000001675835771 str):
  0.7131963577458649  0.1108547796111283 -0.6921431738704070 4.607303294823506e-05
 -0.1433377643160400  0.9896728139043753 -0.0014165943227718 -1
 -0.6839218603684664 -0.0986887532876175 -0.7228495133045826 -1
  0.7165855413233477  0.1025743133936684 -0.6899156993416965 -9.7477629e-09
polygon 12 ( 11 caps, 1 weight, 19287 pixel, 0.000004537864494 str):
  0.1485442110298246 -0.9888990643555243  0.0036411380495217 -1
 -0.6832491158767076 -0.1031815591118739 -0.7228583619997353 -1
  0.1478721668116042 -0.9890021451566023  0.0029290199862673 -1
  0.7171744951091995  0.1065248722277696 -0.6887039967661885 -1.04042418e-08
 -0.6837230921030560 -0.1001629225509807 -0.7228347821397932 1.00397742060091
 -0.1467304744553617  0.9891765099647810  0.0000000000000000 -1
  0.7174154583874053  0.1059761215729470 -0.6885376690662213 -3.807719e-09
  0.7165970005949284  0.1054507334400901 -0.6894700004752196 -3.807719e-09
  0.7168445344696974  0.1056244299235395 -0.6891860367159584 -3.807719e-09
  0.7160094227776430  0.1054146999833077 -0.6900856812896901 -3.807719e-09
  0.7175735708318343  0.1060596259121477 -0.6883600265813129 -3.807719e-09
polygon 13 ( 6 caps, 1 weight, 19287 pixel, 0.000000021387157 str):
  0.1464939935878174 -0.9892016757585604  0.0044220492024054 1
  0.1449289908114967 -0.9894381668660148  0.0027751704778869 -1
  0.7172390571369957  0.1031958279659459 -0.6891434944970869 -1.23370095e-08
 -0.6835127651300770 -0.1014271969782973 -0.7228574019938939 -1
  0.1443237533142490 -0.9895282191469428  0.0021348866873700 -1
  0.7161814323876221  0.1029709388832188 -0.6902761343467717 1.22383155678373e-06
polygon 14 ( 9 caps, 1 weight, 19287 pixel, 0.000006905240978 str):
 -0.1474638379574290  0.9890634133936094 -0.0028250276188687 -1
 -0.6837230921030560 -0.1001629225509807 -0.7228347821397932 1.00397742060091
 -0.6835127651300770 -0.1014271969782973 -0.7228574019938939 -1
  0.7131963577458649  0.1108547796111283 -0.6921431738704070 4.607303294823506e-05
  0.7152009956458132  0.1047743198418379 -0.6910208952911031 8.91979392902975e-06
  0.1464939935878174 -0.9892016757585604  0.0044220492024054 -1
  0.7172390571369957  0.1031958279659459 -0.6891434944970869 -1.23370095e-08
  0.7176982728553732  0.1048222116675009 -0.6884195618091832 -6.4350451e-09
  0.7170587453476085  0.1037765147686869 -0.6892439268524447 -3.807719e-09
polygon 15 ( 4 caps, 1 weight, 19287 pixel, 0.000000426802361 str):
  0.0000000000000000  0.0000000000000000  1.0000000000000000 -1.6875
  0.7131963577458649  0.1108547796111283 -0.6921431738704070 4.607303294823506e-05
 -0.1466552639925471  0.9891844778311482 -0.0025104503968750 -1
 -0.6779103873891251 -0.0989848449579839 -0.7284500718227506 -0.9960225793990904
polygon 16 ( 6 caps, 1 weight, 19287 pixel, 0.000001028543546 str):
  0.0000000000000000  0.0000000000000000  1.0000000000000000 -1.6875
  0.1460398071053367 -0.9892775701431618  0.0015046435716777 -1
  0.7186106274721190  0.1051508527458202 -0.6874169508027528 -1.00795183e-08
  0.7208066975460033  0.1052483344827594 -0.6850988927603298 8.91979392902975e-06
 -0.6779103873891251 -0.0989848449579839 -0.7284500718227506 -0.9960225793990904
 -0.1467304744553617  0.9891765099647810  0.0000000000000000 -1
polygon 17 ( 5 caps, 1 weight, 19287 pixel, 0.000000008324102 str):
  0.7131963577458649  0.1108547796111283 -0.6921431738704070 4.607303294823506e-05
  0.1464939935878174 -0.9892016757585604  0.0044220492024054 1
  0.1449289908114967 -0.9894381668660148  0.0027751704778869 -1
  0.7172390571369957  0.1031958279659459 -0.6891434944970869 -1.23370095e-08
  0.7175640715191873  0.1031805506165009 -0.6888073585838658 1.094874484191e-07
polygon 18 ( 3 caps, 1 weight, 307553 pixel, 0.000000001181916 str):
  0.0000000000000000  0.0000000000000000  1.0000000000000000 1.68359375
  0.7220976998237114  0.1184500503605639 -0.6815750123639255 4.607303294823506e-05
  0.7208066975460033  0.1052483344827594 -0.6850988927603298 8.91979392902975e-06
polygon 19 ( 3 caps, 1 weight, 307553 pixel, 0.000001043754391 str):
  0.0000000000000000  0.0000000000000000  1.0000000000000000 1.68359375
  0.7194613115428338  0.1129581334681529 -0.6852852554057007 8.91979392902975e-06
 -0.1533516598231657  0.9881708761317157 -0.0012601565606906 -1
polygon 20 ( 4 caps, 1 weight, 307553 pixel, 0.000000648010927 str):
  0.0000000000000000  0.0000000000000000  1.0000000000000000 1.68359375
  0.7194613115428338  0.1129581334681529 -0.6852852554057007 8.91979392902975e-06
  0.1625659170816031 -0.9866855929263605  0.0048850092091820 -1
 -0.1588581433338614  0.9873014181578584  0.0000000000000000 -1
polygon 21 ( 6 caps, 1 weight, 307553 pixel, 0.000002939103832 str):
  0.0000000000000000  0.0000000000000000  1.0000000000000000 1.68359375
  0.7194613115428338  0.1129581334681529 -0.6852852554057007 8.91979392902975e-06
 -0.6769920627784056 -0.1062903015871901 -0.7282747549678924 1.00397742060091
  0.1541905155299255 -0.9880394345094765  0.0018332416125033 -1
 -0.1573095833931164  0.9875460764005686 -0.0025381013625680 -1
  0.7211442568004869  0.1123341756981248 -0.6836168472572164 -1.45531914e-08
polygon 22 ( 9 caps, 1 weight, 307553 pixel, 0.000002918772963 str):
  0.0000000000000000  0.0000000000000000  1.0000000000000000 1.68359375
  0.7194613115428338  0.1129581334681529 -0.6852852554057007 8.91979392902975e-06
 -0.1608126289995024  0.9869793463283184 -0.0033269018010514 -1
  0.7215998623150436  0.1152416175051896 -0.6826514544785632 -3.807719e-09
 -0.6769920627784056 -0.1062903015871901 -0.7282747549678924 1.00397742060091
  0.1576796397787587 -0.9874868860289353  0.0026040583936348 -1
  0.1579540029137504 -0.9874422079110862  0.0029015511717914 -1
  0.7220510140617739  0.1141359093375076 -0.6823601155490144 -3.807719e-09
  0.7211555876153695  0.1149592421832637 -0.6831683475453039 -3.807719e-09
polygon 23 ( 4 caps, 1 weight, 307554 pixel, 0.000000345448490 str):
  0.0000000000000000  0.0000000000000000  1.0000000000000000 1.68359375
  0.7194613115428338  0.1129581334681529 -0.6852852554057007 8.91979392902975e-06
  0.7210531383545777  0.1161727904778081 -0.6830711927915080 -3.807719e-09
 -0.1588581433338614  0.9873014181578584  0.0000000000000000 1
polygon 24 ( 5 caps, 1 weight, 307554 pixel, 0.000000904320353 str):
  0.0000000000000000  0.0000000000000000  1.0000000000000000 1.68359375
  0.7182760720542122  0.1200520285363130 -0.6853225479718936 8.91979392902975e-06
  0.7204415652239843  0.1169910191712296 -0.6835766617804419 -3.807719e-09
 -0.1632542291686551  0.9865830066750608 -0.0014239376901592 -1
  0.7204433106729354  0.1175014211861584 -0.6834872728338498 -8.567365600000001e-09
polygon 25 ( 3 caps, 1 weight, 307554 pixel, 0.000000938034648 str):
  0.0000000000000000  0.0000000000000000  1.0000000000000000 1.68359375
  0.7182760720542122  0.1200520285363130 -0.6853225479718936 8.91979392902975e-06
  0.1722885552502959 -0.9850344890486470  0.0048692005952565 -1
polygon 26 ( 5 caps, 1 weight, 307554 pixel, 0.000002872022283 str):
  0.0000000000000000  0.0000000000000000  1.0000000000000000 1.68359375
  0.7182760720542122  0.1200520285363130 -0.6853225479718936 8.91979392902975e-06
 -0.6759461391149222 -0.1129770409168112 -0.7282396619529258 1.00397742060091
  0.1674744576655559 -0.9858728328883933  0.0026577061993381 -1
 -0.1707980122619267  0.9852995089340552 -0.0035939813138875 -1
polygon 27 ( 8 caps, 1 weight, 307554 pixel, 0.000002764111718 str):
  0.0000000000000000  0.0000000000000000  1.0000000000000000 1.68359375
  0.7182760720542122  0.1200520285363130 -0.6853225479718936 8.91979392902975e-06
 -0.6759461391149222 -0.1129770409168112 -0.7282396619529258 1.00397742060091
  0.1640163252469778 -0.9864557674820537  0.0019141196070483 -1
 -0.1673016058213994  0.9859017702789049 -0.0028057174666446 -1
  0.7211930641795393  0.1192416159522297 -0.6823943150440425 -3.807719e-09
  0.7211255282006912  0.1197697707709105 -0.6823731930452409 -3.807719e-09
  0.7206119074897562  0.1189164566891035 -0.6830646785718638 -1.71618767e-08
polygon 28 ( 9 caps, 1 weight, 308065 pixel, 0.000003192223678 str):
  0.7131963577458649  0.1108547796111283 -0.6921431738704070 4.607303294823506e-05
  0.1444825644939586 -0.9895073463887214 -0.0000000000000001 1.003822292647243
  0.0000000000000000  0.0000000000000000  1.0000000000000000 1.6875
  0.7208066975460033  0.1052483344827594 -0.6850988927603298 8.91979392902975e-06
  0.1470680989147797 -0.9891262982460364 -0.0003746994607705 -1
  0.7197504996909123  0.1078993293847014 -0.6857965827510472 -3.807719e-09
  0.7191343080051625  0.1086610909606256 -0.6863225293993945 -5.483112e-09
  0.7192155331783404  0.1081707227540681 -0.6863148778613634 -3.807719e-09
  0.7191313707939722  0.1076371922748898 -0.6864869309602047 -3.807719e-09
polygon 29 ( 4 caps, 1 weight, 308065 pixel, 0.000000023847583 str):
  0.0000000000000000  0.0000000000000000  1.0000000000000000 -1.68359375
  0.7220976998237114  0.1184500503605639 -0.6815750123639255 4.607303294823506e-05
  0.1444825644939586 -0.9895073463887214 -0.0000000000000001 1.003822292647243
  0.7208066975460033  0.1052483344827594 -0.6850988927603298 8.91979392902975e-06
polygon 30 ( 8 caps, 1 weight, 308065 pixel, 0.000005352958464 str):
  0.1559500416739180 -0.9877579334880028  0.0037214692546916 -1
  0.6767795373802150  0.1078563775873951  0.7282420336654206 -1
  0.0000000000000000  0.0000000000000000  1.0000000000000000 1.6875
  0.7178810187863638  0.1109419151067932 -0.6872690407247294 -8.567365600000001e-09
 -0.1467304744553617  0.9891765099647810  0.0000000000000000 1
 -0.1567695307144334  0.9876332682528342 -0.0019600203575185 -1
  0.7181907517867802  0.1122423342024698 -0.6867340842427444 -3.807719e-09
  0.7175735934343788  0.1113748227013625 -0.6875200265257100 -3.807719e-09
polygon 31 ( 10 caps, 1 weight, 308065 pixel, 0.000003145104350 str):
  0.0000000000000000  0.0000000000000000  1.0000000000000000 -1.68359375
  0.7220976998237114  0.1184500503605639 -0.6815750123639255 4.607303294823506e-05
  0.7194613115428338  0.1129581334681529 -0.6852852554057007 8.91979392902975e-06
  0.1551037334434760 -0.9878981890214675 -0.0000000000000001 -0.9961777073527572
 -0.6772289546482828 -0.1046592656880916 -0.7282907256663534 -1
 -0.1536024075387584  0.9881315490221273 -0.0015304330853050 -1
 -0.1533516598231657  0.9881708761317157 -0.0012601565606906 -1
  0.7205180704003000  0.1101955216193145 -0.6846244643902784 -2.37982365e-08
  0.7210378537249693  0.1098462611105787 -0.6841331832441081 -3.807719e-09
  0.7208254485421712  0.1096937237503750 -0.6843814431322303 -3.807719e-09
polygon 32 ( 9 caps, 1 weight, 308065 pixel, 0.000003965937521 str):
  0.0000000000000000  0.0000000000000000  1.0000000000000000 -1.68359375
 -0.6767319410547478 -0.1077782388506725 -0.7282978313756817 -1
  0.1541905155299255 -0.9880394345094765  0.0018332416125033 -1
 -0.1575469620252839  0.9875075415210554 -0.0027946727258932 -1
 -0.1573095833931164  0.9875460764005686 -0.0025381013625680 -1
  0.7211442568004869  0.1123341756981248 -0.6836168472572164 -1.45531914e-08
  0.7208558297084521  0.1126748862900424 -0.6838649302127323 -1.33722275e-08
  0.7199439955235946  0.1116769284494397 -0.6849882531559365 -3.807719e-09
  0.7200415538276684  0.1127209856569118 -0.6847146414047031 -3.807719e-09
polygon 33 ( 7 caps, 1 weight, 308065 pixel, 0.000003762385750 str):
  0.7220976998237114  0.1184500503605639 -0.6815750123639255 -4.607303294823506e-05
  0.7131963577458649  0.1108547796111283 -0.6921431738704070 4.607303294823506e-05
  0.1551037334434760 -0.9878981890214675 -0.0000000000000001 -0.9961777073527572
  0.0000000000000000  0.0000000000000000  1.0000000000000000 1.6875
  0.7194613115428338  0.1129581334681529 -0.6852852554057007 8.91979392902975e-06
 -0.1560023533395085  0.9877481143281399 -0.0041144129276263 -1
  0.7183757805055295  0.1097173678486173 -0.6869485695271826 -3.807719e-09
polygon 34 ( 3 caps, 1 weight, 308065 pixel, 0.000000629575637 str):
  0.7220976998237114  0.1184500503605639 -0.6815750123639255 4.607303294823506e-05
 -0.1560023533395085  0.9877481143281399 -0.0041144129276263 -1
  0.6771916678692999  0.1052244546280894  0.7282439557707412 -1
polygon 35 ( 6 caps, 1 weight, 308065 pixel, 0.000001299043801 str):
  0.0000000000000000  0.0000000000000000  1.0000000000000000 -1.68359375
 -0.6759499286709267 -0.1125988888309269 -0.7282947096909393 -1
  0.1625659170816031 -0.9866855929263605  0.0048850092091820 -1
  0.7193677819729387  0.1149163999339350 -0.6850578189361526 -6.11369053e-08
 -0.1588581433338614  0.9873014181578584  0.0000000000000000 -1
  0.7194717171824510  0.1155898611287409 -0.6848353321629760 -3.807719e-09
polygon 36 ( 4 caps, 1 weight, 308065 pixel, 0.000001795687997 str):
  0.1573150529780670 -0.9875481584119462 -0.0007803356212133 -1
  0.6766201460053066  0.1088922107058664  0.7282359950368746 -1
 -0.1588581433338614  0.9873014181578584  0.0000000000000000 -1
  0.0000000000000000  0.0000000000000000  1.0000000000000000 1.6875
polygon 37 ( 6 caps, 1 weight, 308065 pixel, 0.000003968387345 str):
  0.0000000000000000  0.0000000000000000  1.0000000000000000 -1.68359375
 -0.6759499286709267 -0.1125988888309269 -0.7282947096909393 -1
  0.1576796397787587 -0.9874868860289353  0.0026040583936348 -1
  0.7193677819729387  0.1149163999339350 -0.6850578189361526 -6.11369053e-08
 -0.1608126289995024  0.9869793463283184 -0.0033269018010514 -1
 -0.1610897727845293  0.9869330951770215 -0.0036263960805505 -1
polygon 38 ( 5 caps, 1 weight, 308065 pixel, 0.000000011095970 str):
 -0.6759499286709267 -0.1125988888309269 -0.7282947096909393 1
  0.1576796397787587 -0.9874868860289353  0.0026040583936348 -1
  0.7193677819729387  0.1149163999339350 -0.6850578189361526 -6.11369053e-08
 -0.6764847254737664 -0.1093089413081457 -0.7282993694565274 -1
  0.7193459697874445  0.1138741637442261 -0.6852547340822347 5.2574228521796e-07
polygon 39 ( 6 caps, 1 weight, 308065 pixel, 0.000005397850554 str):
  0.1562502605559726 -0.9877169313341171  0.0010581266964260 -1
  0.6768848037950003  0.1072231337158087  0.7282377098087999 -1
 -0.1571209047264032  0.9875791626937607  0.0006470788569208 -1
 -0.1588581433338614  0.9873014181578584  0.0000000000000000 -1
  0.0000000000000000  0.0000000000000000  1.0000000000000000 1.6875
  0.7191151477726819  0.1130834963043926 -0.6856278342566382 -3.807719e-09
polygon 40 ( 5 caps, 1 weight, 308065 pixel, 0.000000505706995 str):
  0.0000000000000000  0.0000000000000000  1.0000000000000000 1.6875
  0.7131963577458649  0.1108547796111283 -0.6921431738704070 4.607303294823506e-05
 -0.1470963195116309  0.9891221728029281  0.0000074663737708 -1
 -0.1467064378033802  0.9891799838405602  0.0004250602687800 -1
 -0.1467304744553617  0.9891765099647810  0.0000000000000000 1
polygon 41 ( 4 caps, 1 weight, 308066 pixel, 0.000002691132359 str):
  0.0000000000000000  0.0000000000000000  1.0000000000000000 1.6875
  0.7194613115428338  0.1129581334681529 -0.6852852554057007 8.91979392902975e-06
  0.0000000000000000  0.0000000000000000  1.0000000000000000 -1.685546875
 -0.1588581433338614  0.9873014181578584  0.0000000000000000 1
polygon 42 ( 5 caps, 1 weight, 308066 pixel, 0.000002782137027 str):
 -0.6759499286709267 -0.1125988888309269 -0.7282947096909393 -1
  0.7194613115428338  0.1129581334681529 -0.6852852554057007 8.91979392902975e-06
  0.0000000000000000  0.0000000000000000  1.0000000000000000 -1.68359375
 -0.1588581433338614  0.9873014181578584  0.0000000000000000 1
  0.7198367845853341  0.1159736305051799 -0.6843866747572570 -3.807719e-09
polygon 43 ( 4 caps, 1 weight, 308066 pixel, 0.000000181852067 str):
  0.0000000000000000  0.0000000000000000  1.0000000000000000 1.685546875
  0.6766201460053066  0.1088922107058664  0.7282359950368746 -1
  0.1648523622214814 -0.9863182542516373 -0.0000000000000001 0.9961777073527572
 -0.1588581433338614  0.9873014181578584  0.0000000000000000 1
polygon 44 ( 7 caps, 1 weight, 308066 pixel, 0.000002396363144 str):
  0.0000000000000000  0.0000000000000000  1.0000000000000000 -1.68359375
  0.7194613115428338  0.1129581334681529 -0.6852852554057007 -8.91979392902975e-06
  0.7182760720542122  0.1200520285363130 -0.6853225479718936 8.91979392902975e-06
  0.7204415652239843  0.1169910191712296 -0.6835766617804419 -3.807719e-09
 -0.6761945726687707 -0.1113770232112833 -0.7282554899167544 -1
 -0.1632542291686551  0.9865830066750608 -0.0014239376901592 -1
  0.7187634345106102  0.1176349019813711 -0.6852307312477638 -3.807719e-09
polygon 45 ( 4 caps, 1 weight, 308066 pixel, 0.000000051337461 str):
  0.7194613115428338  0.1129581334681529 -0.6852852554057007 8.91979392902975e-06
 -0.6759499286709267 -0.1125988888309269 -0.7282947096909393 1
  0.1648523622214814 -0.9863182542516373 -0.0000000000000001 -0.9961777073527572
 -0.6761945726687707 -0.1113770232112833 -0.7282554899167544 -1
polygon 46 ( 5 caps, 1 weight, 308066 pixel, 0.000000436710445 str):
  0.0000000000000000  0.0000000000000000  1.0000000000000000 1.685546875
  0.1648523622214814 -0.9863182542516373 -0.0000000000000001 -0.9961777073527572
  0.6758124599612506  0.1140103010393288  0.7282026985792107 -1
 -0.1588581433338614  0.9873014181578584  0.0000000000000000 1
 -0.1658500331464923  0.9861419472605321 -0.0042221272497870 -1
polygon 47 ( 4 caps, 1 weight, 308066 pixel, 0.000000017424506 str):
  0.1648523622214814 -0.9863182542516373 -0.0000000000000001 -0.9961777073527572
  0.6758124599612506  0.1140103010393288  0.7282026985792107 1
  0.1551037334434760 -0.9878981890214675 -0.0000000000000001 1.003822292647243
  0.6766201460053066  0.1088922107058664  0.7282359950368746 -1
polygon 48 ( 4 caps, 1 weight, 308066 pixel, 0.000000003883881 str):
  0.6758124599612506  0.1140103010393288  0.7282026985792107 1
  0.1551037334434760 -0.9878981890214675 -0.0000000000000001 -1.003822292647243
  0.6761452545665814  0.1119800386509342  0.7282088063672590 -1
 -0.1658500331464923  0.9861419472605321 -0.0042221272497870 -1
polygon 49 ( 6 caps, 1 weight, 308066 pixel, 0.000002874782022 str):
  0.0000000000000000  0.0000000000000000  1.0000000000000000 1.6875
 -0.1658500331464923  0.9861419472605321 -0.0042221272497870 -1
  0.0000000000000000  0.0000000000000000  1.0000000000000000 -1.685546875
  0.7194613115428338  0.1129581334681529 -0.6852852554057007 -8.91979392902975e-06
  0.7182760720542122  0.1200520285363130 -0.6853225479718936 8.91979392902975e-06
  0.7183152998524370  0.1172937138513676 -0.6857589333642378 -3.807719e-09
polygon 50 ( 6 caps, 1 weight, 308066 pixel, 0.000005308006992 str):
  0.6757091317212868  0.1145941171723905  0.7282069469717692 -1
  0.1654789789008068 -0.9862071647395561  0.0034836415304272 -1
 -0.1662764917700569  0.9860776924298890 -0.0017066859077129 -1
 -0.1588581433338614  0.9873014181578584  0.0000000000000000 1
  0.0000000000000000  0.0000000000000000  1.0000000000000000 1.6875
  0.7180246153894548  0.1195791801845561 -0.6856686308715129 -3.807719e-09
polygon 51 ( 6 caps, 1 weight, 308066 pixel, 0.000004122742154 str):
  0.0000000000000000  0.0000000000000000  1.0000000000000000 -1.68359375
  0.1640163252469778 -0.9864557674820537  0.0019141196070483 -1
 -0.6760125122519990 -0.1124013487781836 -0.7282671351033122 -1
 -0.1673016058213994  0.9859017702789049 -0.0028057174666446 -1
  0.7199775572540908  0.1187808194740807 -0.6837568529641940 -1.47773747e-08
  0.7185060028252621  0.1197753101886604 -0.6851299139384258 -3.807719e-09
polygon 52 ( 5 caps, 1 weight, 308066 pixel, 0.000003775770816 str):
  0.1648523622214814 -0.9863182542516373 -0.0000000000000001 1.003822292647243
 -0.6748529948759489 -0.1192126477719492 -0.7282594180085582 -1
  0.0000000000000000  0.0000000000000000  1.0000000000000000 -1.68359375
  0.1722885552502959 -0.9850344890486470  0.0048692005952565 -1
  0.7182760720542122  0.1200520285363130 -0.6853225479718936 8.91979392902975e-06
polygon 53 ( 7 caps, 1 weight, 308066 pixel, 0.000003918993141 str):
  0.1648523622214814 -0.9863182542516373 -0.0000000000000001 1.003822292647243
  0.1672252326127015 -0.9859185356250065 -0.0006022363909128 -1
  0.6755159065411340  0.1157635429119320  0.7282012511266287 -1
  0.7173733941831199  0.1228967950594127 -0.6857636554107508 -8.01165422e-08
  0.0000000000000000  0.0000000000000000  1.0000000000000000 1.6875
  0.7220976998237114  0.1184500503605639 -0.6815750123639255 4.607303294823506e-05
  0.7182760720542122  0.1200520285363130 -0.6853225479718936 8.91979392902975e-06
polygon 54 ( 5 caps, 1 weight, 308066 pixel, 0.000000009769673 str):
  0.1674744576655559 -0.9858728328883933  0.0026577061993381 -1
 -0.6754175839726934 -0.1159408926785814 -0.7282642354704668 -1
  0.7181905496566188  0.1205931859985137 -0.6853171658981351 -3.807719e-09
 -0.6748529948759489 -0.1192126477719492 -0.7282594180085582 1
  0.1668373029063330 -0.9859842064545120 -0.0006774815177549 1
polygon 55 ( 6 caps, 1 weight, 308066 pixel, 0.000004223527091 str):
 -0.6748529948759489 -0.1192126477719492 -0.7282594180085582 -1
 -0.1707980122619267  0.9852995089340552 -0.0035939813138875 -1
  0.0000000000000000  0.0000000000000000  1.0000000000000000 -1.68359375
  0.1674744576655559 -0.9858728328883933  0.0026577061993381 -1
  0.7182273085666121  0.1220690383473703 -0.6850172867206410 -3.807719e-09
  0.7181905496566188  0.1205931859985137 -0.6853171658981351 -3.807719e-09
polygon 56 ( 7 caps, 1 weight, 308066 pixel, 0.000005298175160 str):
  0.6758124599612506  0.1140103010393288  0.7282026985792107 -1
  0.1660737655089627 -0.9861126732024189  0.0011402452603536 -1
 -0.1668658064758935  0.9859794035975623  0.0006467693138042 -1
  0.7181905496566188  0.1205931859985137 -0.6853171658981351 -3.807719e-09
 -0.1588581433338614  0.9873014181578584  0.0000000000000000 1
  0.0000000000000000  0.0000000000000000  1.0000000000000000 1.6875
  0.7162863416183153  0.1205594664930188 -0.6873130959395207 -3.807719e-09
polygon 57 ( 5 caps, 1 weight, 309089 pixel, 0.000004114149455 str):
  0.0000000000000000  0.0000000000000000  1.0000000000000000 -1.69140625
  0.7141513074817947  0.1117813351514578 -0.6910085695082231 8.91979392902975e-06
 -0.1556904844911960  0.9877968060802929 -0.0042359103471707 -1
  0.7138490499444063  0.1076051556183286 -0.6919831387958986 -8.567365600000001e-09
  0.7137575138429378  0.1084612643154838 -0.6919439034891738 -3.807719e-09
polygon 58 ( 6 caps, 1 weight, 309089 pixel, 0.000002081258900 str):
  0.0000000000000000  0.0000000000000000  1.0000000000000000 -1.69140625
  0.7152009956458132  0.1047743198418379 -0.6910208952911031 8.91979392902975e-06
 -0.6837230921030560 -0.1001629225509807 -0.7228347821397932 -0.9960225793990904
 -0.1475545843683913  0.9890539132405660  0.0000365430481522 -1
 -0.1467304744553617  0.9891765099647810  0.0000000000000000 1
  0.7127691250692479  0.1058758440805495 -0.6933617237692385 -3.807719e-09
polygon 59 ( 6 caps, 1 weight, 309089 pixel, 0.000002723480658 str):
  0.0000000000000000  0.0000000000000000  1.0000000000000000 -1.69140625
  0.7141513074817947  0.1117813351514578 -0.6910085695082231 -8.91979392902975e-06
  0.7152009956458132  0.1047743198418379 -0.6910208952911031 8.91979392902975e-06
  0.1472930508290330 -0.9890926824399964 -0.0006501700766343 -1
  0.7138490499444063  0.1076051556183286 -0.6919831387958986 -8.567365600000001e-09
  0.7140658475992644  0.1072920545797247 -0.6918080516417872 -3.807719e-09
polygon 60 ( 4 caps, 1 weight, 309089 pixel, 0.000002522366196 str):
  0.0000000000000000  0.0000000000000000  1.0000000000000000 -1.69140625
  0.7141513074817947  0.1117813351514578 -0.6910085695082231 8.91979392902975e-06
  0.1572404279953968 -0.9875602787079718 -0.0003791069209642 -1
 -0.1588581433338614  0.9873014181578584  0.0000000000000000 -1
polygon 61 ( 10 caps, 1 weight, 309089 pixel, 0.000006014481757 str):
  0.0000000000000000  0.0000000000000000  1.0000000000000000 -1.69140625
  0.7141513074817947  0.1117813351514578 -0.6910085695082231 8.91979392902975e-06
 -0.6826962970180888 -0.1068578924160038 -0.7228465652309619 -0.9960225793990904
 -0.1562944258811305  0.9877086360900456 -0.0019242223441829 -1
  0.1555577684309337 -0.9878196481853694  0.0037581032078723 -1
  0.7124809698498270  0.1100923915958994 -0.6930011059980676 -4.6073415e-09
  0.7119705203543887  0.1097781900596823 -0.6935753218890660 -3.807719e-09
  0.7131840737752074  0.1099431831845471 -0.6923012157902432 -3.807719e-09
  0.7124287780578300  0.1097424859435184 -0.6931102531155948 -3.807719e-09
  0.7127092919198829  0.1108247239979059 -0.6926495114860383 -3.807719e-09
polygon 62 ( 7 caps, 1 weight, 309089 pixel, 0.000006048321582 str):
  0.0000000000000000  0.0000000000000000  1.0000000000000000 -1.69140625
  0.7141513074817947  0.1117813351514578 -0.6910085695082231 8.91979392902975e-06
 -0.6826962970180888 -0.1068578924160038 -0.7228465652309619 -0.9960225793990904
 -0.1568580071220270  0.9876210652725962  0.0004438823363553 -1
  0.1561235445662725 -0.9877365455129710  0.0013983884173723 -1
  0.7135133118582316  0.1126780824159224 -0.6915218026527932 -1.37458575e-08
  0.7115454477189147  0.1129564155724499 -0.6935012069286637 -3.807719e-09
polygon 63 ( 5 caps, 1 weight, 309090 pixel, 0.000001307334081 str):
  0.0000000000000000  0.0000000000000000  1.0000000000000000 -1.69140625
  0.7141513074817947  0.1117813351514578 -0.6910085695082231 8.91979392902975e-06
  0.1546404735502086 -0.9879708112794463 -0.0000000000000001 1.003822292647243
 -0.1588581433338614  0.9873014181578584  0.0000000000000000 1
  0.7131120868199949  0.1149032961483779 -0.6915695078337898 -9.7477629e-09
polygon 64 ( 6 caps, 1 weight, 309090 pixel, 0.000003812902023 str):
  0.0000000000000000  0.0000000000000000  1.0000000000000000 -1.69140625
  0.7129061066373364  0.1194656435356795 -0.6910085695082231 8.91979392902975e-06
  0.1652710952531234 -0.9862481762081150 -0.0000000000000001 1.003822292647243
  0.1674766770584216 -0.9858757184704423 -0.0007939596075411 -1
  0.7118548351869141  0.1230177511125032 -0.6914689628119498 -7.4631232e-09
  0.7106374390612343  0.1219427883117789 -0.6929100854968407 -4.6073415e-09
polygon 65 ( 4 caps, 1 weight, 309090 pixel, 0.000003883513942 str):
  0.0000000000000000  0.0000000000000000  1.0000000000000000 -1.69140625
  0.1652710952531234 -0.9862481762081150 -0.0000000000000001 -0.9961777073527572
  0.7129061066373364  0.1194656435356795 -0.6910085695082231 8.91979392902975e-06
 -0.1662989837077593  0.9860663812692753 -0.0042118580558651 -1
polygon 66 ( 9 caps, 1 weight, 309090 pixel, 0.000006023236783 str):
  0.0000000000000000  0.0000000000000000  1.0000000000000000 -1.69140625
  0.7129061066373364  0.1194656435356795 -0.6910085695082231 8.91979392902975e-06
 -0.6815059414216634 -0.1142037431119180 -0.7228465652309619 -0.9960225793990904
  0.1662171626856160 -0.9860818873392798  0.0037902889266373 -1
 -0.1667278634626035  0.9860014581787768 -0.0017158130787817 -1
  0.7114067167676806  0.1172851188375661 -0.6929247320142984 -3.807719e-09
  0.7104218120731108  0.1190028802408431 -0.6936419562174286 -3.807719e-09
  0.7106464108854816  0.1179574524846368 -0.6935904541578681 -1.13566319e-08
  0.7114011710983287  0.1177434941327211 -0.6928526851714903 -5.483112e-09
polygon 67 ( 8 caps, 1 weight, 309090 pixel, 0.000006109652601 str):
  0.0000000000000000  0.0000000000000000  1.0000000000000000 -1.69140625
  0.7129061066373364  0.1194656435356795 -0.6910085695082231 8.91979392902975e-06
 -0.6815059414216634 -0.1142037431119180 -0.7228465652309619 -0.9960225793990904
 -0.1673853606888359  0.9858913920710951  0.0005514228744787 -1
  0.7118609282994226  0.1213092835420165 -0.6917644660483848 -3.807719e-09
  0.7118925018388739  0.1208432079504522 -0.6918135477987062 -3.807719e-09
  0.1665325326766731 -0.9860352745220121  0.0011631674827937 -1
  0.7117481212337541  0.1194339713989579 -0.6922067165205017 -3.807719e-09
polygon 68 ( 3 caps, 1 weight, 1234285 pixel, 0.000001221856392 str):
  0.0000000000000000  0.0000000000000000  1.0000000000000000 1.689453125
  0.7152009956458132  0.1047743198418379 -0.6910208952911031 8.91979392902975e-06
  0.1535350687424452 -0.9881251732961569  0.0059686317270053 -1
polygon 69 ( 8 caps, 1 weight, 1234285 pixel, 0.000001014548121 str):
  0.0000000000000000  0.0000000000000000  1.0000000000000000 1.689453125
  0.7152009956458132  0.1047743198418379 -0.6910208952911031 8.91979392902975e-06
 -0.1510277840410039  0.9885228227730160 -0.0036383106701408 -1
  0.7171744951091995  0.1065248722277696 -0.6887039967661885 -1.04042418e-08
  0.7166575596066405  0.1068671070202679 -0.6891889172757883 -3.807719e-09
 -0.6837230921030560 -0.1001629225509807 -0.7228347821397932 1.00397742060091
  0.7177211281505279  0.1065922535388883 -0.6881238796116836 -3.807719e-09
 -0.1467304744553617  0.9891765099647810  0.0000000000000000 1
polygon 70 ( 4 caps, 1 weight, 1234285 pixel, 0.000001274532359 str):
  0.0000000000000000  0.0000000000000000  1.0000000000000000 1.689453125
  0.7152009956458132  0.1047743198418379 -0.6910208952911031 -8.91979392902975e-06
  0.7141513074817947  0.1117813351514578 -0.6910085695082231 8.91979392902975e-06
 -0.1531342259855681  0.9882042179920395 -0.0015272113615075 -1
polygon 71 ( 5 caps, 1 weight, 1234285 pixel, 0.000000998464028 str):
  0.0000000000000000  0.0000000000000000  1.0000000000000000 1.689453125
  0.7141513074817947  0.1117813351514578 -0.6910085695082231 8.91979392902975e-06
 -0.6826962970180888 -0.1068578924160038 -0.7228465652309619 1.00397742060091
  0.1539432482072333 -0.9880775550044857  0.0020546600117086 -1
 -0.1527971852584434  0.9882575677307495  0.0000000000000000 -1
polygon 72 ( 4 caps, 1 weight, 1234285 pixel, 0.000000185480913 str):
  0.0000000000000000  0.0000000000000000  1.0000000000000000 -1.6875
  0.7194613115428338  0.1129581334681529 -0.6852852554057007 8.91979392902975e-06
  0.1559500416739180 -0.9877579334880028  0.0037214692546916 -1
 -0.1527971852584434  0.9882575677307495  0.0000000000000000 -1
polygon 73 ( 3 caps, 1 weight, 1234285 pixel, 0.000000234549293 str):
  0.0000000000000000  0.0000000000000000  1.0000000000000000 -1.6875
  0.7194613115428338  0.1129581334681529 -0.6852852554057007 8.91979392902975e-06
 -0.1560023533395085  0.9877481143281399 -0.0041144129276263 -1
polygon 74 ( 4 caps, 1 weight, 1234285 pixel, 0.000000143312879 str):
  0.0000000000000000  0.0000000000000000  1.0000000000000000 -1.6875
 -0.1470963195116309  0.9891221728029281  0.0000074663737708 -1
  0.7208066975460033  0.1052483344827594 -0.6850988927603298 8.91979392902975e-06
 -0.1467304744553617  0.9891765099647810  0.0000000000000000 1
polygon 75 ( 3 caps, 1 weight, 1234285 pixel, 0.000000081973962 str):
  0.0000000000000000  0.0000000000000000  1.0000000000000000 -1.6875
  0.7208066975460033  0.1052483344827594 -0.6850988927603298 8.91979392902975e-06
  0.1470680989147797 -0.9891262982460364 -0.0003746994607705 -1
polygon 76 ( 4 caps, 1 weight, 1234286 pixel, 0.000002284724840 str):
  0.0000000000000000  0.0000000000000000  1.0000000000000000 1.689453125
 -0.6826962970180888 -0.1068578924160038 -0.7228465652309619 1.00397742060091
 -0.1571717774821748  0.9875671763416440 -0.0028468536467405 -1
 -0.1527971852584434  0.9882575677307495  0.0000000000000000 1
polygon 77 ( 8 caps, 1 weight, 1234286 pixel, 0.000003173955039 str):
  0.7141513074817947  0.1117813351514578 -0.6910085695082231 8.91979392902975e-06
 -0.6826962970180888 -0.1068578924160038 -0.7228465652309619 1.00397742060091
  0.1574290973153918 -0.9875263573758264  0.0027879753393034 -1
  0.0000000000000000  0.0000000000000000  1.0000000000000000 1.689453125
 -0.1608017632624076  0.9869796531637099 -0.0037359299436214 -1
  0.7161442887438064  0.1123081595447015 -0.6888571949245428 -1.1004303e-08
  0.7154338848696381  0.1133901828576631 -0.6894178869247904 -3.807719e-09
  0.7154691575687654  0.1136215435902864 -0.6893431869540757 -3.807719e-09
polygon 78 ( 5 caps, 1 weight, 1234286 pixel, 0.000001009295368 str):
  0.0000000000000000  0.0000000000000000  1.0000000000000000 1.689453125
  0.7141513074817947  0.1117813351514578 -0.6910085695082231 8.91979392902975e-06
  0.1620761585531011 -0.9867667908943802  0.0047559664292982 -1
 -0.1588581433338614  0.9873014181578584  0.0000000000000000 -1
  0.7158618755380090  0.1145287989096022 -0.6887851111714947 -3.807719e-09
polygon 79 ( 5 caps, 1 weight, 1234286 pixel, 0.000000225682429 str):
  0.0000000000000000  0.0000000000000000  1.0000000000000000 -1.6875
  0.7194613115428338  0.1129581334681529 -0.6852852554057007 8.91979392902975e-06
  0.1573150529780670 -0.9875481584119462 -0.0007803356212133 -1
  0.7167109956398974  0.1151076876171423 -0.6878048916519142 -3.807719e-09
 -0.1588581433338614  0.9873014181578584  0.0000000000000000 -1
polygon 80 ( 4 caps, 1 weight, 1234286 pixel, 0.000000015317588 str):
 -0.6826962970180888 -0.1068578924160038 -0.7228465652309619 1.00397742060091
 -0.1571717774821748  0.9875671763416440 -0.0028468536467405 1
  0.1574290973153918 -0.9875263573758264  0.0027879753393034 1
 -0.6769920627784056 -0.1062903015871901 -0.7282747549678924 -0.9960225793990904
polygon 81 ( 4 caps, 1 weight, 1234286 pixel, 0.000000121930473 str):
  0.7141513074817947  0.1117813351514578 -0.6910085695082231 8.91979392902975e-06
 -0.6826962970180888 -0.1068578924160038 -0.7228465652309619 -1.00397742060091
  0.1562502605559726 -0.9877169313341171  0.0010581266964260 -1
  0.7169523330996479  0.1128748568682499 -0.6879234105261601 -7.4631232e-09
polygon 82 ( 6 caps, 1 weight, 1234286 pixel, 0.000001339863806 str):
 -0.6826962970180888 -0.1068578924160038 -0.7228465652309619 -1.00397742060091
  0.7194613115428338  0.1129581334681529 -0.6852852554057007 8.91979392902975e-06
 -0.1567695307144334  0.9876332682528342 -0.0019600203575185 -1
  0.0000000000000000  0.0000000000000000  1.0000000000000000 -1.6875
  0.7175735934343788  0.1113748227013625 -0.6875200265257100 -3.807719e-09
 -0.1527971852584434  0.9882575677307495  0.0000000000000000 1
polygon 83 ( 8 caps, 1 weight, 1234286 pixel, 0.000000292086103 str):
  0.7141513074817947  0.1117813351514578 -0.6910085695082231 -8.91979392902975e-06
  0.1562502605559726 -0.9877169313341171  0.0010581266964260 -1
  0.7170910409784443  0.1126756095749128 -0.6878114901303793 -2.21523222e-08
  0.7169523330996479  0.1128748568682499 -0.6879234105261601 -7.4631232e-09
  0.7220976998237114  0.1184500503605639 -0.6815750123639255 -4.607303294823506e-05
  0.7194613115428338  0.1129581334681529 -0.6852852554057007 8.91979392902975e-06
 -0.6787262358131976 -0.1110292816385373 -0.7259498573852591 1
 -0.6769920627784056 -0.1062903015871901 -0.7282747549678924 -0.9960225793990904
polygon 84 ( 5 caps, 1 weight, 1234286 pixel, 0.000001033481611 str):
