301 polygons
pixelization -1s
snapped
balkanized
polygon 0 ( 4 caps, 1 weight, 14177 pixel, 0.000000045827797 str):
  0.0000000000000000  0.0000000000000000  1.0000000000000000 1.078125
 -0.5658408865703498  0.8245143200185269  0.0004766231917644 -1
 -0.0641215189468705 -0.0434423850506611 -0.9969960832365673 1
  0.5657855224666558 -0.8245523180005783 -0.0004663121343464 -1
polygon 1 ( 4 caps, 1 weight, 14177 pixel, 0.000000114351684 str):
  0.0000000000000000  0.0000000000000000  1.0000000000000000 1.078125
  0.5657855224666558 -0.8245523180005783 -0.0004663121343464 1
  0.0643967792120774  0.0436312359744713  0.9969700948746913 -1
 -0.5655119228321811  0.8247400155956236  0.0004144996743400 1
polygon 2 ( 3 caps, 1 weight, 14177 pixel, 0.000000798801096 str):
  0.0000000000000000  0.0000000000000000  1.0000000000000000 1.078125
  0.8251637252279497  0.5590594336926138 -0.0809776275722312 4.607303294823506e-05
  0.5681339274709553 -0.8229219400961261  0.0048291784865849 -1
polygon 3 ( 6 caps, 1 weight, 14177 pixel, 0.000002276942459 str):
  0.0000000000000000  0.0000000000000000  1.0000000000000000 1.078125
  0.5667680400540390 -0.8238772148524112 -0.0005688763812371 -1
  0.0657839870251022  0.0451698289425427  0.9968109919159112 -0.9960225793990904
  0.8217443382390122  0.5642414342960917 -0.0797987869307384 8.91979392902975e-06
  0.8207083086042504  0.5663263795188477 -0.0755797859816031 -2.389651321e-07
 -0.5679130660179664  0.8230775699815316 -0.0042500869838108 -1
polygon 4 ( 6 caps, 1 weight, 14177 pixel, 0.000001444547722 str):
  0.0000000000000000  0.0000000000000000  1.0000000000000000 1.078125
  0.5667680400540390 -0.8238772148524112 -0.0005688763812371 1
  0.0629407464922237  0.0426442368290640  0.9971057774861544 -1
  0.8221116696742554  0.5642366206590153 -0.0759568199222598 -2.521738939e-07
  0.8216590131398815  0.5647638513599765 -0.0769302172299183 -1.52308759e-08
  0.5662940320567161 -0.8241998310453995  0.0023890922296697 -1
polygon 5 ( 5 caps, 1 weight, 14177 pixel, 0.000000400541232 str):
 -0.5658408865703498  0.8245143200185269  0.0004766231917644 -1
  0.0632984996734979  0.0428850545967571  0.9970728017709226 -1
 -0.0641215189468705 -0.0434423850506611 -0.9969960832365673 -1
  0.8221116696742554  0.5642366206590153 -0.0759568199222598 -2.521738939e-07
 -0.5654513165709281  0.8247815564478246  0.0004390121955389 1
polygon 6 ( 5 caps, 1 weight, 14177 pixel, 0.000000145386034 str):
  0.0000000000000000  0.0000000000000000  1.0000000000000000 1.078125
 -0.5658408865703498  0.8245143200185269  0.0004766231917644 1
  0.0632984996734979  0.0428850545967571  0.9970728017709226 -1
  0.8221116696742554  0.5642366206590153 -0.0759568199222598 -2.521738939e-07
 -0.5660775608241838  0.8243496624858759 -0.0019568062666262 -1
polygon 7 ( 7 caps, 1 weight, 14177 pixel, 0.000002654428723 str):
  0.8217443382390122  0.5642414342960917 -0.0797987869307384 8.91979392902975e-06
  0.0657839870251022  0.0451698289425427  0.9968109919159112 -0.9960225793990904
  0.5644550890440466 -0.8254637613008005  0.0001767241141764 -1
 -0.5654513165709281  0.8247815564478246  0.0004390121955389 -1
  0.8221116696742554  0.5642366206590153 -0.0759568199222598 -2.521738939e-07
  0.0000000000000000  0.0000000000000000  1.0000000000000000 1.078125
  0.8228931543708381  0.5628052751921894 -0.0780837928475303 -1.52308759e-08
polygon 8 ( 4 caps, 1 weight, 14177 pixel, 0.000000048249341 str):
  0.0000000000000000  0.0000000000000000  1.0000000000000000 1.078125
 -0.5654513165709281  0.8247815564478246  0.0004390121955389 1
 -0.0641215189468705 -0.0434423850506611 -0.9969960832365673 1
 -0.5655119228321811  0.8247400155956236  0.0004144996743400 -1
polygon 9 ( 4 caps, 1 weight, 14177 pixel, 0.000000915836489 str):
 -0.0640846960328891 -0.0434186498749530 -0.9969994847428000 -1
  0.8217443382390122  0.5642414342960917 -0.0797987869307384 8.91979392902975e-06
 -0.5642772765534909  0.8255852835670152 -0.0003077709315754 -1
  0.5632665163314683 -0.8262752759097973 -0.0000000000000106 -1
polygon 10 ( 4 caps, 1 weight, 14177 pixel, 0.000000405841073 str):
  0.0000000000000000  0.0000000000000000  1.0000000000000000 1.078125
 -0.0640846960328891 -0.0434186498749530 -0.9969994847428000 1
 -0.5637162117654083  0.8259684961280708  0.0002756751541276 -1
  0.5632665163314683 -0.8262752759097973 -0.0000000000000106 -1
polygon 11 ( 4 caps, 1 weight, 228741 pixel, 0.000000645311937 str):
 -0.5654555174183122  0.8247786749547628  0.0004417703643218 -1
  0.0645890993234299  0.0469365955235020  0.9968075061160261 -1
  0.5648015558128328 -0.8252081768849948  0.0055378112595733 -1
  0.0000000000000000  0.0000000000000000  1.0000000000000000 1.080322265625
polygon 12 ( 4 caps, 1 weight, 228741 pixel, 0.000000910934291 str):
  0.0000000000000000  0.0000000000000000  1.0000000000000000 -1.078125
 -0.5637162117654083  0.8259684961280708  0.0002756751541276 -1
  0.5632665163314683 -0.8262752759097973 -0.0000000000000106 -1
 -0.0656425253376679 -0.0452626643666856 -0.9968161064517981 -1
polygon 13 ( 4 caps, 1 weight, 228741 pixel, 0.000000956707871 str):
 -0.5637162117654083  0.8259684961280708  0.0002756751541276 1
  0.0647593323019576  0.0438769503111135  0.9969358264759075 -1
 -0.5642772765534909  0.8255852835670152 -0.0003077709315754 -1
 -0.0656425253376679 -0.0452626643666856 -0.9968161064517981 -1
polygon 14 ( 4 caps, 1 weight, 228741 pixel, 0.000002630789946 str):
  0.0641092365997847  0.0476794275994580  0.9968032293117740 -1
  0.5632665163314683 -0.8262752759097973 -0.0000000000000106 -1
 -0.5648286639753857  0.8251600881027090 -0.0089111926312023 -1
  0.0000000000000000  0.0000000000000000  1.0000000000000000 1.08203125
polygon 15 ( 5 caps, 1 weight, 228741 pixel, 0.000000010183452 str):
  0.5645251025016591 -0.8254150848804077  0.0011603005476316 1
  0.8228931543708381  0.5628052751921894 -0.0780837928475303 -1.52308759e-08
  0.5644196137661610 -0.8254879534264356 -0.0003719460885114 -1
  0.0000000000000000  0.0000000000000000  1.0000000000000000 -1.078125
 -0.0656797743978426 -0.0451828159123964 -0.9968172753224510 -1
polygon 16 ( 7 caps, 1 weight, 228741 pixel, 0.000002291080894 str):
 -0.5657318107836131  0.8245893027850253  0.0000000000000000 -1
  0.0647593323019576  0.0438769503111135  0.9969358264759075 -1
  0.5645251025016591 -0.8254150848804077  0.0011603005476316 -1
  0.5644649170603321 -0.8254570266058581  0.0002337414988304 -1
 -0.0654507501452804 -0.0455499868789696 -0.9968156288906921 -1
  0.8228931543708381  0.5628052751921894 -0.0780837928475303 -1.52308759e-08
  0.8220307865502696  0.5639356197555211 -0.0790063461659973 -1.52308759e-08
polygon 17 ( 4 caps, 1 weight, 228741 pixel, 0.000000012189569 str):
  0.0641092365997847  0.0476794275994580  0.9968032293117740 1
  0.5632665163314683 -0.8262752759097973 -0.0000000000000106 -1
  0.0638083128408448  0.0481019969298016  0.9968022357036376 -1
 -0.5647532803572232  0.8252231656073782 -0.0077755559732779 -1
polygon 18 ( 3 caps, 1 weight, 228741 pixel, 0.000000000297530 str):
  0.5645251025016591 -0.8254150848804077  0.0011603005476316 -1
  0.5644649170603321 -0.8254570266058581  0.0002337414988304 1
 -0.0658065218851353 -0.0449976699628722 -0.9968172908689403 -1
polygon 19 ( 4 caps, 1 weight, 228741 pixel, 0.000000012087801 str):
  0.0638083128408448  0.0481019969298016  0.9968022357036376 1
  0.0639590026180568  0.0478634778018144  0.9968040597212767 -1
  0.5632665163314683 -0.8262752759097973 -0.0000000000000106 -1
 -0.5647683036938889  0.8252104990032303 -0.0080246792812543 -1
polygon 20 ( 5 caps, 1 weight, 228741 pixel, 0.000000128237970 str):
  0.0000000000000000  0.0000000000000000  1.0000000000000000 -1.078125
 -0.5657318107836131  0.8245893027850253  0.0000000000000000 -1
  0.0647593323019576  0.0438769503111135  0.9969358264759075 1
  0.8228931543708381  0.5628052751921894 -0.0780837928475303 -1.52308759e-08
  0.8224367530551376  0.5634593272077654 -0.0781752761856007 3.1914263333356e-07
polygon 21 ( 4 caps, 1 weight, 228741 pixel, 0.000000020388696 str):
 -0.5657318107836131  0.8245893027850253  0.0000000000000000 -1
  0.0000000000000000  0.0000000000000000  1.0000000000000000 1.080322265625
 -0.5654555174183122  0.8247786749547628  0.0004417703643218 1
  0.0664415482377716  0.0450161977377317  0.9967743288272453 -1
polygon 22 ( 4 caps, 1 weight, 228741 pixel, 0.000001532469074 str):
 -0.5657318107836131  0.8245893027850253  0.0000000000000000 -1
  0.0000000000000000  0.0000000000000000  1.0000000000000000 1.08203125
 -0.5645180164527955  0.8254206671120846  0.0003624975067685 1
  0.0670329591300902  0.0454158887639476  0.9967165993591380 -1
polygon 23 ( 4 caps, 1 weight, 228741 pixel, 0.000000369076403 str):
 -0.5657318107836131  0.8245893027850253  0.0000000000000000 -1
  0.0670329591300902  0.0454158887639476  0.9967165993591380 1
  0.5647917943166627 -0.8252333351496852 -0.0004142828648515 -1
 -0.0667575347433189 -0.0452274180148047 -0.9967436542134135 1
polygon 24 ( 5 caps, 1 weight, 228741 pixel, 0.000000178042084 str):
  0.0000000000000000  0.0000000000000000  1.0000000000000000 1.08203125
 -0.5645180164527955  0.8254206671120846  0.0003624975067685 -1
  0.5648015558128328 -0.8252081768849948  0.0055378112595733 -1
 -0.5657318107836131  0.8245893027850253  0.0000000000000000 -1
 -0.0667575347433189 -0.0452274180148047 -0.9967436542134135 1
polygon 25 ( 4 caps, 1 weight, 228741 pixel, 0.000000488413780 str):
 -0.5657318107836131  0.8245893027850253  0.0000000000000000 -1
  0.0000000000000000  0.0000000000000000  1.0000000000000000 -1.080322265625
 -0.0667575347433189 -0.0452274180148047 -0.9967436542134135 -1
  0.5648015558128328 -0.8252081768849948  0.0055378112595733 -1
polygon 26 ( 5 caps, 1 weight, 230277 pixel, 0.000000801191995 str):
  0.0000000000000000  0.0000000000000000  1.0000000000000000 -1.08984375
  0.5589387809418193 -0.8291908216143449  0.0054790975352456 -1
  0.8256212156169156  0.5569678261811930 -0.0902022667245297 -1.52308759e-08
  0.8251637252279497  0.5590594336926138 -0.0809776275722312 4.607303294823506e-05
 -0.5603153491869379  0.8282717060157551 -0.0035623698952627 -1
polygon 27 ( 3 caps, 1 weight, 230277 pixel, 0.000000052387755 str):
  0.0000000000000000  0.0000000000000000  1.0000000000000000 -1.08984375
 -0.5588886966666660  0.8292087617807219 -0.0075002749494680 -1
  0.8251637252279497  0.5590594336926138 -0.0809776275722312 4.607303294823506e-05
polygon 28 ( 5 caps, 1 weight, 230277 pixel, 0.000000875234484 str):
  0.0000000000000000  0.0000000000000000  1.0000000000000000 -1.08984375
  0.8251637252279497  0.5590594336926138 -0.0809776275722312 4.607303294823506e-05
  0.5604803252465500 -0.8281614956331674  0.0032159232200058 -1
 -0.5618548877578406  0.8272347500739182 -0.0013241498278115 -1
  0.8245927947459168  0.5584295907438616 -0.0905710496503246 -1.306662636e-07
polygon 29 ( 4 caps, 1 weight, 230277 pixel, 0.000000475460995 str):
  0.0000000000000000  0.0000000000000000  1.0000000000000000 -1.08984375
  0.8251637252279497  0.5590594336926138 -0.0809776275722312 4.607303294823506e-05
  0.8252341073081269  0.5580255770495318 -0.0871557427476580 8.91979392902975e-06
  0.5619795354951918 -0.8271510127224028  0.0004514830142995 -1
polygon 30 ( 5 caps, 1 weight, 230277 pixel, 0.000000027816082 str):
 -0.5657318107836131  0.8245893027850253  0.0000000000000000 -1
  0.0718632118842145  0.0493133072464263  0.9961946980917455 1.00397742060091
 -0.5695268298722970  0.8190596205734073 -0.0691413624522833 1
  0.0778709012372193  0.0535525443709352  0.9955241070571331 -0.9960225793990904
  0.0000000000000000  0.0000000000000000  1.0000000000000000 -1.08984375
polygon 31 ( 5 caps, 1 weight, 230277 pixel, 0.000001773350585 str):
  0.0000000000000000  0.0000000000000000  1.0000000000000000 -1.08984375
  0.8167560243107804  0.5700942033880620 -0.0888942968664415 4.607303294823506e-05
  0.0718632118842145  0.0493133072464263  0.9961946980917455 1.00397742060091
 -0.5695268298722970  0.8190596205734073 -0.0691413624522833 -1
 -0.5660525307628170  0.8243551436718382 -0.0048093158342206 -1
polygon 32 ( 3 caps, 1 weight, 230277 pixel, 0.000000123101501 str):
  0.0000000000000000  0.0000000000000000  1.0000000000000000 -1.08984375
  0.8251637252279497  0.5590594336926138 -0.0809776275722312 4.607303294823506e-05
  0.8214002704809935  0.5636536810487932 -0.0871557427476580 8.91979392902975e-06
polygon 33 ( 6 caps, 1 weight, 230277 pixel, 0.000001779630369 str):
  0.0000000000000000  0.0000000000000000  1.0000000000000000 1.09375
 -0.5657318107836131  0.8245893027850253  0.0000000000000000 -1
  0.8167560243107804  0.5700942033880620 -0.0888942968664415 4.607303294823506e-05
  0.0718632118842145  0.0493133072464263  0.9961946980917455 -1.00397742060091
  0.5650138678437192 -0.8250813347053595 -0.0003467925934676 -1
  0.8212691481160765  0.5630213512882115 -0.0923252097007653 -1.52308759e-08
polygon 34 ( 3 caps, 1 weight, 230277 pixel, 0.000000031260949 str):
  0.0000000000000000  0.0000000000000000  1.0000000000000000 1.09375
  0.8237830025572176  0.5577430230401242 -0.1015100238788211 4.607303294823506e-05
  0.5650138678437192 -0.8250813347053595 -0.0003467925934676 -1
polygon 35 ( 4 caps, 1 weight, 230277 pixel, 0.000000001014699 str):
 -0.5695268298722970  0.8190596205734073 -0.0691413624522833 -1
 -0.5660525307628170  0.8243551436718382 -0.0048093158342206 1
  0.0778709012372193  0.0535525443709352  0.9955241070571331 -0.9960225793990904
  0.0000000000000000  0.0000000000000000  1.0000000000000000 -1.08984375
polygon 36 ( 3 caps, 1 weight, 230277 pixel, 0.000000103161904 str):
  0.8167560243107804  0.5700942033880620 -0.0888942968664415 4.607303294823506e-05
 -0.5647977433563923  0.8252291411049273  0.0006113679341000 -1
  0.0718632118842145  0.0493133072464263  0.9961946980917455 -1.00397742060091
polygon 37 ( 5 caps, 1 weight, 230277 pixel, 0.000001311646934 str):
  0.8237830025572176  0.5577430230401242 -0.1015100238788211 4.607303294823506e-05
  0.8202734364418035  0.5641096854334775 -0.0945079481742024 8.91979392902975e-06
 -0.5666459319614479  0.8239613994548181  0.0000000000000000 1.003822292647243
  0.0000000000000000  0.0000000000000000  1.0000000000000000 1.09375
 -0.5647977433563923  0.8252291411049273  0.0006113679341000 -1
polygon 38 ( 3 caps, 1 weight, 230789 pixel, 0.000000047758168 str):
  0.0000000000000000  0.0000000000000000  1.0000000000000000 -1.09375
 -0.5657318107836131  0.8245893027850253  0.0000000000000000 -1
  0.8167560243107804  0.5700942033880620 -0.0888942968664415 4.607303294823506e-05
polygon 39 ( 4 caps, 1 weight, 230789 pixel, 0.000000030794173 str):
 -0.5657318107836131  0.8245893027850253  0.0000000000000000 -1
  0.0000000000000000  0.0000000000000000  1.0000000000000000 1.09765625
 -0.5651848387716346  0.8249641097554488  0.0005618167684979 1
  0.0808252448596560  0.0547216397477094  0.9952250107069751 -1
polygon 40 ( 4 caps, 1 weight, 230789 pixel, 0.000000028445166 str):
 -0.5657318107836131  0.8245893027850253  0.0000000000000000 -1
 -0.0803688104081883 -0.0544125100738351 -0.9952789222429246 1
  0.0808252448596560  0.0547216397477094  0.9952250107069751 1
  0.5656413365624996 -0.8246511545413436 -0.0005930307056377 -1
polygon 41 ( 4 caps, 1 weight, 230789 pixel, 0.000001122761086 str):
  0.0000000000000000  0.0000000000000000  1.0000000000000000 -1.09375
 -0.5666459319614479  0.8239613994548181  0.0000000000000000 1.003822292647243
 -0.0782322638452873 -0.0528827851601573 -0.9955315785686288 -1
 -0.5647977433563923  0.8252291411049273  0.0006113679341000 -1
polygon 42 ( 6 caps, 1 weight, 230789 pixel, 0.000002036985873 str):
 -0.5657318107836131  0.8245893027850253  0.0000000000000000 -1
  0.5654199378695407 -0.8247884786083746  0.0049253847045152 -1
 -0.0803688104081883 -0.0544125100738351 -0.9952789222429246 -1
  0.0768664524776850  0.0550515427151419  0.9955204046769602 -1
  0.5654575129230461 -0.8247596027901799  0.0054220553545482 -1
  0.8209910286402161  0.5630206278862054 -0.0947707943772917 -1.52308759e-08
polygon 43 ( 5 caps, 1 weight, 230789 pixel, 0.000000146537334 str):
  0.0000000000000000  0.0000000000000000  1.0000000000000000 1.09765625
 -0.0803688104081883 -0.0544125100738351 -0.9952789222429246 1
 -0.5651848387716346  0.8249641097554488  0.0005618167684979 -1
  0.5654199378695407 -0.8247884786083746  0.0049253847045152 -1
 -0.5555702330196022  0.8314696123025452  0.0000000000000000 1
polygon 44 ( 5 caps, 1 weight, 230789 pixel, 0.000000461477079 str):
 -0.5657318107836131  0.8245893027850253  0.0000000000000000 -1
  0.5650138678437192 -0.8250813347053595 -0.0003467925934676 -1
 -0.0780023980762087 -0.0532224790328003 -0.9955315131224947 -1
  0.0000000000000000  0.0000000000000000  1.0000000000000000 -1.09375
  0.8237830025572176  0.5577430230401242 -0.1015100238788211 4.607303294823506e-05
polygon 45 ( 6 caps, 1 weight, 230789 pixel, 0.000000108685887 str):
 -0.5635288441839399  0.8260963147860724  0.0003470872847590 -1
 -0.5666459319614479  0.8239613994548181  0.0000000000000000 1.003822292647243
 -0.0787882341662172 -0.0533428462698270 -0.9954631861142846 1
 -0.0797553012699177 -0.0539966671635638 -0.9953509189499812 -1
  0.8202734364418035  0.5641096854334775 -0.0945079481742024 8.91979392902975e-06
  0.8222003204749967  0.5609701314521797 -0.0964320726176572 -1.52308759e-08
polygon 46 ( 6 caps, 1 weight, 230789 pixel, 0.000001640370510 str):
  0.5641833711988792 -0.8256494022453545 -0.0004338600657258 -1
 -0.5653802435241320  0.8248013744377033 -0.0069190287084980 -1
  0.8215285288847644  0.5618401692245411 -0.0970901667223520 -3.9088586e-08
  0.0000000000000000  0.0000000000000000  1.0000000000000000 1.09765625
  0.8202734364418035  0.5641096854334775 -0.0945079481742024 8.91979392902975e-06
 -0.0787882341662172 -0.0533428462698270 -0.9954631861142846 1
polygon 47 ( 5 caps, 1 weight, 230789 pixel, 0.000000291782138 str):
  0.5641833711988792 -0.8256494022453545 -0.0004338600657258 1
 -0.5635288441839399  0.8260963147860724  0.0003470872847590 1
  0.0794448190006366  0.0537885490691473  0.9953870165533566 -1
 -0.0797553012699177 -0.0539966671635638 -0.9953509189499812 -1
  0.8222003204749967  0.5609701314521797 -0.0964320726176572 -1.52308759e-08
polygon 48 ( 4 caps, 1 weight, 230789 pixel, 0.000000000016064 str):
 -0.0797553012699177 -0.0539966671635638 -0.9953509189499812 1
 -0.5634866753074941  0.8261250798972726  0.0003451313256457 -1
  0.8202734364418035  0.5641096854334775 -0.0945079481742024 8.91979392902975e-06
  0.8222003204749967  0.5609701314521797 -0.0964320726176572 -1.52308759e-08
polygon 49 ( 4 caps, 1 weight, 230789 pixel, 0.000000403231742 str):
  0.5641833711988792 -0.8256494022453545 -0.0004338600657258 1
  0.8202734364418035  0.5641096854334775 -0.0945079481742024 8.91979392902975e-06
  0.0799612432646944  0.0541372151832804  0.9953267611733162 -1
  0.8222003204749967  0.5609701314521797 -0.0964320726176572 -1.52308759e-08
polygon 50 ( 5 caps, 1 weight, 230789 pixel, 0.000000146980129 str):
  0.5641833711988792 -0.8256494022453545 -0.0004338600657258 1
 -0.0797553012699177 -0.0539966671635638 -0.9953509189499812 1
  0.0799612432646944  0.0541372151832804  0.9953267611733162 1
  0.5636890275774947 -0.8259869906131890 -0.0004141575859360 -1
  0.8222003204749967  0.5609701314521797 -0.0964320726176572 -1.52308759e-08
polygon 51 ( 4 caps, 1 weight, 230789 pixel, 0.000001028547320 str):
 -0.0787882341662172 -0.0533428462698270 -0.9954631861142846 -1
 -0.5666459319614479  0.8239613994548181  0.0000000000000000 1.003822292647243
  0.0762756453749930  0.0559219940261477  0.9955173310931196 -1
 -0.5653802435241320  0.8248013744377033 -0.0069190287084980 -1
polygon 52 ( 5 caps, 1 weight, 230790 pixel, 0.000002097958204 str):
 -0.5666459319614479  0.8239613994548181  0.0000000000000000 -0.9961777073527572
  0.0771779065080597  0.0545540521251070  0.9955236944160417 -1
  0.5684610277720568 -0.8227100458931775  0.0004901946376113 -1
 -0.0785189649117169 -0.0548083062884770 -0.9954048531682881 -1
  0.5684312419758573 -0.8227307642170288  0.0001129453325432 -1
polygon 53 ( 4 caps, 1 weight, 230790 pixel, 0.000001158931103 str):
  0.0000000000000000  0.0000000000000000  1.0000000000000000 -1.09375
 -0.5666459319614479  0.8239613994548181  0.0000000000000000 -0.9961777073527572
  0.5687231851009585 -0.8225196779892289  0.0039138279364491 -1
 -0.0767345368933310 -0.0550747347086526 -0.9955292986369300 -1
polygon 54 ( 4 caps, 1 weight, 230790 pixel, 0.000000102385769 str):
  0.0000000000000000  0.0000000000000000  1.0000000000000000 1.095703125
  0.5671466248360374 -0.8236166506754383  0.0005645062125505 1
  0.0782924973476715  0.0546472838995359  0.9954315442166118 -1
  0.5669433613574928 -0.8237523113544961  0.0027119275050748 -1
polygon 55 ( 3 caps, 1 weight, 230790 pixel, 0.000000006275013 str):
  0.0782924973476715  0.0546472838995359  0.9954315442166118 1
  0.8237830025572176  0.5577430230401242 -0.1015100238788211 4.607303294823506e-05
  0.5669433613574928 -0.8237523113544961  0.0027119275050748 -1
polygon 56 ( 4 caps, 1 weight, 230790 pixel, 0.000000845929655 str):
 -0.0778925213659113 -0.0543677378295850 -0.9954782288923022 -1
  0.5669915563211887 -0.8237168408055087  0.0033378486887069 -1
  0.0766470116357749  0.0553572208109403  0.9955203733281375 -1
 -0.5682993555429012  0.8228214608072235 -0.0008283263788250 -1
polygon 57 ( 4 caps, 1 weight, 230790 pixel, 0.000000982783675 str):
  0.0000000000000000  0.0000000000000000  1.0000000000000000 1.095703125
 -0.0778925213659113 -0.0543677378295850 -0.9954782288923022 1
  0.5671466248360374 -0.8236166506754383  0.0005645062125505 -1
 -0.5682993555429012  0.8228214608072235 -0.0008283263788250 -1
polygon 58 ( 7 caps, 1 weight, 230790 pixel, 0.000002782018388 str):
 -0.5667774520061927  0.8238654244899397 -0.0030136734029459 -1
  0.0768664524776850  0.0550515427151419  0.9955204046769602 -1
 -0.5657318107836131  0.8245893027850253  0.0000000000000000 1
  0.8205411730358863  0.5635681304860739 -0.0954104064204921 -1.52308759e-08
  0.0000000000000000  0.0000000000000000  1.0000000000000000 1.09765625
 -0.3001432278341687  0.2792460841587431 -0.9121050746856387 -1
 -0.5668162724683058  0.8238367550276589 -0.0035091780565583 -1
polygon 59 ( 4 caps, 1 weight, 230790 pixel, 0.000001250857967 str):
  0.0000000000000000  0.0000000000000000  1.0000000000000000 -1.09375
  0.5668862790968916 -0.8237937883239405  0.0019341381988351 -1
 -0.5684656363211458  0.8227014125243640 -0.0030341642030690 -1
 -0.0762763849719767 -0.0557435346273268 -0.9955272831232999 -1
polygon 60 ( 4 caps, 1 weight, 230790 pixel, 0.000000028665239 str):
 -0.5657318107836131  0.8245893027850253  0.0000000000000000 1
  0.8167560243107804  0.5700942033880620 -0.0888942968664415 -4.607303294823506e-05
  0.8237830025572176  0.5577430230401242 -0.1015100238788211 4.607303294823506e-05
 -0.0780023980762087 -0.0532224790328003 -0.9955315131224947 -1
polygon 61 ( 5 caps, 1 weight, 230790 pixel, 0.000000636883104 str):
  0.0000000000000000  0.0000000000000000  1.0000000000000000 -1.09375
 -0.5657318107836131  0.8245893027850253  0.0000000000000000 1
  0.8167560243107804  0.5700942033880620 -0.0888942968664415 4.607303294823506e-05
 -0.5665983107666559  0.8239938023016048 -0.0007536610087144 -1
 -0.0780023980762087 -0.0532224790328003 -0.9955315131224947 -1
polygon 62 ( 4 caps, 1 weight, 230790 pixel, 0.000000967837749 str):
  0.8167560243107804  0.5700942033880620 -0.0888942968664415 4.607303294823506e-05
 -0.0785189649117169 -0.0548083062884770 -0.9954048531682881 1
 -0.5689504022970598  0.8223717579683301 -0.0003625218507308 -1
  0.5684312419758573 -0.8227307642170288  0.0001129453325432 -1
polygon 63 ( 4 caps, 1 weight, 230790 pixel, 0.000000673741654 str):
  0.8167560243107804  0.5700942033880620 -0.0888942968664415 4.607303294823506e-05
 -0.5689504022970598  0.8223717579683301 -0.0003625218507308 1
  0.0791031301759968  0.0552156834880158  0.9953360854974116 -1
  0.8202734364418035  0.5641096854334775 -0.0945079481742024 8.91979392902975e-06
polygon 64 ( 5 caps, 1 weight, 230790 pixel, 0.000000246785020 str):
 -0.0785189649117169 -0.0548083062884770 -0.9954048531682881 1
  0.0791031301759968  0.0552156834880158  0.9953360854974116 1
  0.5695375748224560 -0.8219652378009973  0.0003141848266413 -1
 -0.5666459319614479  0.8239613994548181  0.0000000000000000 -0.9961777073527572
  0.8202734364418035  0.5641096854334775 -0.0945079481742024 8.91979392902975e-06
polygon 65 ( 3 caps, 1 weight, 230790 pixel, 0.000001268113826 str):
  0.8167560243107804  0.5700942033880620 -0.0888942968664415 4.607303294823506e-05
 -0.5682993555429012  0.8228214608072235 -0.0008283263788250 -1
  0.0000000000000000  0.0000000000000000  1.0000000000000000 -1.095703125
polygon 66 ( 5 caps, 1 weight, 230790 pixel, 0.000000811969810 str):
  0.0000000000000000  0.0000000000000000  1.0000000000000000 -1.095703125
  0.8167560243107804  0.5700942033880620 -0.0888942968664415 -4.607303294823506e-05
  0.8237830025572176  0.5577430230401242 -0.1015100238788211 4.607303294823506e-05
 -0.3001432278341687  0.2792460841587431 -0.9121050746856387 -1
  0.5669433613574928 -0.8237523113544961  0.0027119275050748 -1
polygon 67 ( 4 caps, 1 weight, 230790 pixel, 0.000000011935159 str):
  0.0000000000000000  0.0000000000000000  1.0000000000000000 1.09765625
  0.8237830025572176  0.5577430230401242 -0.1015100238788211 4.607303294823506e-05
  0.1915230316128847 -0.1092138565070469  0.9753928756704491 -1
  0.8191311850402773  0.5652325716368072 -0.0976536822416479 -1.52308759e-08
polygon 68 ( 5 caps, 1 weight, 230790 pixel, 0.000000155868388 str):
  0.0000000000000000  0.0000000000000000  1.0000000000000000 1.09765625
 -0.3001432278341687  0.2792460841587431 -0.9121050746856387 1
 -0.4669731632389745  0.7580682183108888  0.4552676588574470 -1
 -0.5668162724683058  0.8238367550276589 -0.0035091780565583 -1
 -0.5657318107836131  0.8245893027850253  0.0000000000000000 1
polygon 69 ( 5 caps, 1 weight, 231301 pixel, 0.000000634432877 str):
 -0.5657318107836131  0.8245893027850253  0.0000000000000000 -1
  0.0000000000000000  0.0000000000000000  1.0000000000000000 -1.09765625
  0.5654199378695407 -0.8247884786083746  0.0049253847045152 -1
  0.8202734364418035  0.5641096854334775 -0.0945079481742024 8.91979392902975e-06
  0.0778709012372193  0.0535525443709352  0.9955241070571331 1.00397742060091
polygon 70 ( 3 caps, 1 weight, 231301 pixel, 0.000000145555022 str):
  0.0000000000000000  0.0000000000000000  1.0000000000000000 -1.09765625
  0.8202734364418035  0.5641096854334775 -0.0945079481742024 8.91979392902975e-06
 -0.5653802435241320  0.8248013744377033 -0.0069190287084980 -1
polygon 71 ( 4 caps, 1 weight, 231302 pixel, 0.000000789634902 str):
 -0.5657318107836131  0.8245893027850253  0.0000000000000000 1
  0.0000000000000000  0.0000000000000000  1.0000000000000000 -1.09765625
 -0.5668162724683058  0.8238367550276589 -0.0035091780565583 -1
  0.0778709012372193  0.0535525443709352  0.9955241070571331 1.00397742060091
polygon 72 ( 8 caps, 1 weight, 231302 pixel, 0.000001067709952 str):
  0.5669433613574928 -0.8237523113544961  0.0027119275050748 -1
  0.0778709012372193  0.0535525443709352  0.9955241070571331 1.00397742060091
  0.0000000000000000  0.0000000000000000  1.0000000000000000 -1.09765625
  0.8237830025572176  0.5577430230401242 -0.1015100238788211 4.607303294823506e-05
  0.1915230316128847 -0.1092138565070469  0.9753928756704491 -1
  0.8191311850402773  0.5652325716368072 -0.0976536822416479 -1.52308759e-08
  0.8202734364418035  0.5641096854334775 -0.0945079481742024 8.91979392902975e-06
  0.8192765906334796  0.5649734475269227 -0.0979329956119268 -1.52308759e-08
polygon 73 ( 5 caps, 1 weight, 914871 pixel, 0.000000392773707 str):
 -0.5657318107836131  0.8245893027850253  0.0000000000000000 1
 -0.0654507501452804 -0.0455499868789696 -0.9968156288906921 -1
 -0.5660775608241838  0.8243496624858759 -0.0019568062666262 -1
  0.0000000000000000  0.0000000000000000  1.0000000000000000 -1.078125
  0.8220307865502696  0.5639356197555211 -0.0790063461659973 -1.52308759e-08
polygon 74 ( 3 caps, 1 weight, 914871 pixel, 0.000000001295545 str):
  0.0000000000000000  0.0000000000000000  1.0000000000000000 1.080078125
  0.8251637252279497  0.5590594336926138 -0.0809776275722312 4.607303294823506e-05
  0.5687486227372699 -0.8225110354685931 -0.0007750269939012 -1
polygon 75 ( 5 caps, 1 weight, 914871 pixel, 0.000000085529447 str):
 -0.5680522911618013  0.8229921710718373  0.0006934409072099 -1
  0.0000000000000000  0.0000000000000000  1.0000000000000000 1.080078125
  0.8206028822793326  0.5658797816428371 -0.0799436196497680 -1.52308759e-08
  0.5678602531534410 -0.8231247782243040  0.0005765081962843 -1
  0.0647480736938055  0.0467000925434248  0.9968083006824217 -1
polygon 76 ( 4 caps, 1 weight, 914871 pixel, 0.000000023515236 str):
 -0.0659710756812026 -0.0446962395743598 -0.9968199753924359 1
 -0.5680522911618013  0.8229921710718373  0.0006934409072099 -1
  0.5681866990515216 -0.8228808702670695  0.0055631258700616 -1
 -0.0643306301710048 -0.0471999148919582 -0.9968117866758966 -1
polygon 77 ( 4 caps, 1 weight, 914871 pixel, 0.000000124274347 str):
 -0.0659710756812026 -0.0446962395743598 -0.9968199753924359 1
 -0.5679681004046359  0.8230345852713166 -0.0051291685507152 -1
  0.5663655545089951 -0.8241471654170003  0.0033924034020504 -1
 -0.0641307506061603 -0.0474910196204637 -0.9968108395689220 -1
polygon 78 ( 5 caps, 1 weight, 914871 pixel, 0.000000009992956 str):
 -0.5677566690665529  0.8231943727073685 -0.0018410522466787 -1
  0.8206028822793326  0.5658797816428371 -0.0799436196497680 -1.52308759e-08
  0.5663550964755603 -0.8241543745991796  0.0033869640083749 -1
  0.0643558675811626  0.0472664883619832  0.9968070030782300 -1
  0.0648625747026496  0.0465402763878475  0.9968083311633616 1
polygon 79 ( 5 caps, 1 weight, 914871 pixel, 0.000000454932453 str):
  0.0000000000000000  0.0000000000000000  1.0000000000000000 1.080078125
 -0.5675570996261888  0.8233337798294251  0.0006524229456897 -1
  0.8206028822793326  0.5658797816428371 -0.0799436196497680 -1.52308759e-08
  0.5663550964755603 -0.8241543745991796  0.0033869640083749 -1
  0.0648625747026496  0.0465402763878475  0.9968083311633616 -1
polygon 80 ( 5 caps, 1 weight, 914871 pixel, 0.000000023016779 str):
  0.0000000000000000  0.0000000000000000  1.0000000000000000 1.080078125
  0.5658427626865340 -0.8245130313537081 -0.0004785845694609 -1
 -0.5662123138115214  0.8242497306342575 -0.0039996546797374 -1
 -0.5662654952376057  0.8242087153479686 -0.0048355400691632 -1
  0.0646619552714054  0.0468671926004252  0.9968060482351787 -1
polygon 81 ( 4 caps, 1 weight, 914871 pixel, 0.000000000704599 str):
  0.5658427626865340 -0.8245130313537081 -0.0004785845694609 -1
  0.0646619552714054  0.0468671926004252  0.9968060482351787 1
  0.0644163983089325  0.0472107183918779  0.9968057361882644 -1
 -0.5661835464587532  0.8242711796092930 -0.0036351320324789 -1
polygon 82 ( 5 caps, 1 weight, 914871 pixel, 0.000000011806415 str):
  0.0000000000000000  0.0000000000000000  1.0000000000000000 -1.078125
  0.5681866990515216 -0.8228808702670695  0.0055631258700616 1
  0.8205005842192957  0.5661643574944332 -0.0789728535555741 -1.52308759e-08
  0.5681339274709553 -0.8229219400961261  0.0048291784865849 -1
 -0.0660277387203396 -0.0446705847608663 -0.9968173737333238 -1
polygon 83 ( 6 caps, 1 weight, 914871 pixel, 0.000001239479676 str):
  0.0000000000000000  0.0000000000000000  1.0000000000000000 -1.078125
  0.8251637252279497  0.5590594336926138 -0.0809776275722312 4.607303294823506e-05
 -0.0659710756812026 -0.0446962395743598 -0.9968199753924359 -1
  0.5681866990515216 -0.8228808702670695  0.0055631258700616 -1
  0.8199980826840664  0.5668097702814787 -0.0795602206376552 -6.40077498e-08
  0.8205005842192957  0.5661643574944332 -0.0789728535555741 -1.52308759e-08
polygon 84 ( 4 caps, 1 weight, 914871 pixel, 0.000000000011602 str):
  0.5681866990515216 -0.8228808702670695  0.0055631258700616 1
 -0.0660277387203396 -0.0446705847608663 -0.9968173737333238 1
  0.5681324658879234 -0.8229236353770256  0.0047107899515609 -1
 -0.0644281747236866 -0.0470160868202516 -0.9968141741979218 -1
polygon 85 ( 3 caps, 1 weight, 914871 pixel, 0.000000000001100 str):
  0.0647480736938055  0.0467000925434248  0.9968083006824217 1
 -0.5675108682928536  0.8233528642965197  0.0046341368353113 -1
  0.5678602531534410 -0.8231247782243040  0.0005765081962843 -1
polygon 86 ( 4 caps, 1 weight, 914871 pixel, 0.000000000275274 str):
 -0.0659710756812026 -0.0446962395743598 -0.9968199753924359 1
  0.5663655545089951 -0.8241471654170003  0.0033924034020504 1
 -0.0660277387203396 -0.0446705847608663 -0.9968173737333238 -1
  0.5662940320567161 -0.8241998310453995  0.0023890922296697 -1
polygon 87 ( 5 caps, 1 weight, 914871 pixel, 0.000002842071293 str):
  0.0000000000000000  0.0000000000000000  1.0000000000000000 -1.078125
 -0.0659710756812026 -0.0446962395743598 -0.9968199753924359 -1
  0.5662940320567161 -0.8241998310453995  0.0023890922296697 -1
 -0.5679130660179664  0.8230775699815316 -0.0042500869838108 -1
 -0.5679681004046359  0.8230345852713166 -0.0051291685507152 -1
polygon 88 ( 4 caps, 1 weight, 914871 pixel, 0.000000000012838 str):
  0.5663655545089951 -0.8241471654170003  0.0033924034020504 1
 -0.0660277387203396 -0.0446705847608663 -0.9968173737333238 1
  0.5663082480396503 -0.8241896886994333  0.0025150037362472 -1
 -0.0642621661868993 -0.0472606955085154 -0.9968133228729534 -1
polygon 89 ( 4 caps, 1 weight, 914871 pixel, 0.000000006103178 str):
 -0.5680522911618013  0.8229921710718373  0.0006934409072099 -1
  0.0647480736938055  0.0467000925434248  0.9968083006824217 1
 -0.5675108682928536  0.8233528642965197  0.0046341368353113 1
  0.0649310593662010  0.0464029146489976  0.9968102763523562 -1
polygon 90 ( 4 caps, 1 weight, 914871 pixel, 0.000000001126693 str):
  0.5658427626865340 -0.8245130313537081 -0.0004785845694609 -1
  0.0644163983089325  0.0472107183918779  0.9968057361882644 1
 -0.5662041073290357  0.8242555473123078 -0.0039625204880096 -1
  0.0645890993234299  0.0469365955235020  0.9968075061160261 -1
polygon 91 ( 4 caps, 1 weight, 914871 pixel, 0.000000000092781 str):
 -0.0660277387203396 -0.0446705847608663 -0.9968173737333238 1
  0.5681324658879234 -0.8229236353770256  0.0047107899515609 1
  0.5681339274709553 -0.8229219400961261  0.0048291784865849 -1
 -0.0646232828887114 -0.0467287468076180 -0.9968150558305563 -1
polygon 92 ( 4 caps, 1 weight, 914871 pixel, 0.000000000071034 str):
 -0.0660277387203396 -0.0446705847608663 -0.9968173737333238 1
  0.5663082480396503 -0.8241896886994333  0.0025150037362472 1
  0.5662940320567161 -0.8241998310453995  0.0023890922296697 -1
 -0.0643100738174862 -0.0471880885444298 -0.9968136730127214 -1
polygon 93 ( 5 caps, 1 weight, 915895 pixel, 0.000001270412564 str):
  0.0000000000000000  0.0000000000000000  1.0000000000000000 1.08203125
  0.8167560243107804  0.5700942033880620 -0.0888942968664415 4.607303294823506e-05
 -0.0662584752300053 -0.0462488971365713 -0.9967300808011393 1
 -0.5687296294728459  0.8225244501521720 -0.0003707580700392 -1
  0.5678602531534410 -0.8231247782243040  0.0005765081962843 -1
polygon 94 ( 4 caps, 1 weight, 915895 pixel, 0.000000308523265 str):
 -0.5657318107836131  0.8245893027850253  0.0000000000000000 1
  0.0000000000000000  0.0000000000000000  1.0000000000000000 1.08203125
  0.5658427626865340 -0.8245130313537081 -0.0004785845694609 1
  0.0664415482377716  0.0450161977377317  0.9967743288272453 -1
polygon 95 ( 4 caps, 1 weight, 915895 pixel, 0.000003484154704 str):
  0.0000000000000000  0.0000000000000000  1.0000000000000000 1.08203125
 -0.5675570996261888  0.8233337798294251  0.0006524229456897 -1
  0.0000000000000000  0.0000000000000000  1.0000000000000000 -1.080078125
  0.5663550964755603 -0.8241543745991796  0.0033869640083749 -1
polygon 96 ( 4 caps, 1 weight, 915895 pixel, 0.000000007266071 str):
  0.0000000000000000  0.0000000000000000  1.0000000000000000 -1.080078125
  0.8251637252279497  0.5590594336926138 -0.0809776275722312 4.607303294823506e-05
  0.5687486227372699 -0.8225110354685931 -0.0007750269939012 -1
  0.8167560243107804  0.5700942033880620 -0.0888942968664415 -4.607303294823506e-05
polygon 97 ( 4 caps, 1 weight, 915895 pixel, 0.000000076126065 str):
  0.8167560243107804  0.5700942033880620 -0.0888942968664415 -4.607303294823506e-05
 -0.5680522911618013  0.8229921710718373  0.0006934409072099 1
  0.0666718149083477  0.0451729961196802  0.9967518595510111 -1
  0.8201844628622154  0.5663886723152207 -0.0806307556235279 9.20003732599302e-07
polygon 98 ( 3 caps, 1 weight, 915895 pixel, 0.000000465155463 str):
  0.8167560243107804  0.5700942033880620 -0.0888942968664415 4.607303294823506e-05
 -0.0662584752300053 -0.0462488971365713 -0.9967300808011393 -1
 -0.5660465613562274  0.8243732712653842  0.0000000000000000 -0.9961777073527572
polygon 99 ( 4 caps, 1 weight, 915895 pixel, 0.000000006511702 str):
  0.5691540822850187 -0.8222308028508538  0.0003707580595719 -1
  0.8217443382390122  0.5642414342960917 -0.0797987869307384 8.91979392902975e-06
  0.8194604703751500  0.5673187124716920 -0.0814494688257673 -1.52308759e-08
  0.8194877212986073  0.5672485719272757 -0.0816635309503741 2.764434852158e-08
polygon 100 ( 6 caps, 1 weight, 915895 pixel, 0.000000334903087 str):
  0.0000000000000000  0.0000000000000000  1.0000000000000000 1.08203125
  0.5691540822850187 -0.8222308028508538  0.0003707580595719 1
 -0.5687296294728459  0.8225244501521720 -0.0003707580700392 1
  0.0666801389132771  0.0465405943842558  0.9966883826697622 -1
  0.8217443382390122  0.5642414342960917 -0.0797987869307384 8.91979392902975e-06
  0.8194604703751500  0.5673187124716920 -0.0814494688257673 -1.52308759e-08
polygon 101 ( 5 caps, 1 weight, 915895 pixel, 0.000000291100555 str):
  0.8167560243107804  0.5700942033880620 -0.0888942968664415 -4.607303294823506e-05
 -0.5680522911618013  0.8229921710718373  0.0006934409072099 -1
  0.5678602531534410 -0.8231247782243040  0.0005765081962843 -1
  0.0000000000000000  0.0000000000000000  1.0000000000000000 1.08203125
  0.0000000000000000  0.0000000000000000  1.0000000000000000 -1.080078125
polygon 102 ( 5 caps, 1 weight, 915895 pixel, 0.000000065443104 str):
 -0.0662584752300053 -0.0462488971365713 -0.9967300808011393 1
 -0.5687296294728459  0.8225244501521720 -0.0003707580700392 1
  0.0666801389132771  0.0465405943842558  0.9966883826697622 1
  0.8251637252279497  0.5590594336926138 -0.0809776275722312 4.607303294823506e-05
  0.8196713918769659  0.5670663937621957 -0.0810833793327337 -2.13875878e-08
polygon 103 ( 5 caps, 1 weight, 915895 pixel, 0.000000090274133 str):
 -0.5675570996261888  0.8233337798294251  0.0006524229456897 1
  0.0663085532818312  0.0449283699978016  0.9967871474547669 -1
  0.8206028822793326  0.5658797816428371 -0.0799436196497680 -1.52308759e-08
 -0.5678223344634417  0.8231464909351465 -0.0027660342807930 -1
  0.0000000000000000  0.0000000000000000  1.0000000000000000 1.08203125
polygon 104 ( 4 caps, 1 weight, 915895 pixel, 0.000000173023829 str):
  0.0000000000000000  0.0000000000000000  1.0000000000000000 1.08203125
  0.0000000000000000  0.0000000000000000  1.0000000000000000 -1.080078125
  0.5658427626865340 -0.8245130313537081 -0.0004785845694609 -1
 -0.5662654952376057  0.8242087153479686 -0.0048355400691632 -1
polygon 105 ( 5 caps, 1 weight, 915895 pixel, 0.000000043772992 str):
 -0.0662584752300053 -0.0462488971365713 -0.9967300808011393 1
  0.5691540822850187 -0.8222308028508538  0.0003707580595719 -1
 -0.5660465613562274  0.8243732712653842  0.0000000000000000 -0.9961777073527572
  0.8194604703751500  0.5673187124716920 -0.0814494688257673 -1.52308759e-08
  0.8195177984132505  0.5672938324763014 -0.0810449610910460 8.3486347112e-08
polygon 106 ( 4 caps, 1 weight, 916917 pixel, 0.000000645365648 str):
  0.0000000000000000  0.0000000000000000  1.0000000000000000 1.083984375
